m14_pred_1,m14_pred_2,m14_pred_3,m14_pred_4,m14_pred_5,m14_pred_6,m14_pred_7,m14_predictions
0.03202897421748105,0.004699383783154611,0.007267516903439143,0.09481479516158157,0.5803008346644659,0.060556687831516604,0.22033180743836103,neutral
0.027884357924950427,0.004040088845391532,0.005627963616525981,0.12416417164726254,0.7238412631039202,0.01806648169071708,0.09637567317123226,neutral
0.04577900186175968,0.007999937969526628,0.007709491353189203,0.12102423448557431,0.7042825459152787,0.017571828232487294,0.09563296018218415,neutral
0.04077754992006375,0.014384410014645178,0.02226797870919034,0.18666302482925504,0.639543004987636,0.04125157494874018,0.05511245659046958,neutral
0.030929163640755722,0.1093293642667162,0.6131050220854198,0.14403262185647614,0.06415110638334316,0.014721578488858003,0.023731143278431045,fear
0.027082840127515946,0.004341454122557793,0.003926038076397111,0.18464982881448516,0.7134602234719553,0.015336201399866039,0.05120341398722279,neutral
0.039179610018592666,0.0071748046661726265,0.007176207291428822,0.16345410206901084,0.7011746907367297,0.0373208155116313,0.0445197697064341,neutral
0.1237049084998557,0.014470176111430812,0.004072417265559271,0.17442601278148584,0.490955533498039,0.04342525993593122,0.1489456919076982,neutral
0.07289679570154697,0.007176918602612341,0.013085473473567661,0.1826741326235164,0.5957103498275638,0.03437409162966155,0.09408223814153126,neutral
0.023896455372499154,0.0034936856910911234,0.0053927827007874095,0.18257113932383953,0.714814178028035,0.011883680778508578,0.057948078105239186,neutral
0.029382886372303407,0.014023351513132368,0.011003063763858328,0.07175769716753864,0.6221280219321047,0.05135804993770234,0.20034692931336015,neutral
0.15302688070706935,0.031395915835927206,0.009217018824199745,0.13929259950400422,0.49493431886106937,0.04233004511561892,0.12980322115211124,neutral
0.06465824841635624,0.005214605821962353,0.005384846375167246,0.14760277148747214,0.7191418041678757,0.016277551316619343,0.041720172414547035,neutral
0.038121064834514794,0.006781094512959904,0.007951389604715958,0.28093902162770207,0.5521113523347871,0.046334231508465544,0.06776184557685458,neutral
0.011732783047572456,0.016694387389730073,0.016265951555794855,0.07182416216901462,0.7797772859904659,0.014498210395717524,0.08920721945170465,neutral
0.04571934305212222,0.004843693169708215,0.00854054832124251,0.2892145282605409,0.5764721261078193,0.015547322876155898,0.05966243821241099,neutral
0.085813934584066,0.004805550292268409,0.005547676171662795,0.21371828723992226,0.5968557887924528,0.01755758409208489,0.07570117882754282,neutral
0.06958997407934732,0.008716627372758095,0.007255776389042083,0.136610060817683,0.717910073106935,0.013311057819390664,0.046606430414843976,neutral
0.20824023197325686,0.012910624693251998,0.018823039769818126,0.19841202820000392,0.33479126088659983,0.051653827807214774,0.17516898666985442,neutral
0.30734841059402573,0.005211127223038349,0.008260892176474303,0.25086779361476197,0.2934853439096772,0.03478193998467014,0.10004449249735232,anger
0.06464604236731102,0.006595815188699162,0.008233305174621069,0.3222436441024987,0.44965336698884417,0.022111396177861366,0.12651643000016458,neutral
0.09298786257841735,0.011032379819320088,0.024081840011142625,0.25578437989239483,0.2946594329381351,0.060626901916247956,0.260827202844342,neutral
0.021265088769960125,0.004417484495547427,0.0053605037987345065,0.054901969021356696,0.8556791991714601,0.01973404475426161,0.03864170998867959,neutral
0.05655711768306696,0.006819993922383901,0.009714321404634702,0.09823243033995978,0.6897678886221029,0.032996763284439116,0.10591148474341273,neutral
0.12514963251616124,0.006647013916550125,0.009508958690574694,0.24024670682020996,0.36751253409639556,0.0218091078611837,0.22912604609892484,neutral
0.04884062085679923,0.006694233765539877,0.006926210542466371,0.6760017429549449,0.1858202529607262,0.012519046302696181,0.06319789261682734,joy
0.0940528221992959,0.009552160905843585,0.005652869956995644,0.10449928657184375,0.7180985429910582,0.021106037142940164,0.04703828023202268,neutral
0.03913603418267521,0.008906480377778456,0.010317823846729817,0.18741675900500623,0.6358157612072772,0.02517584023403857,0.09323130114649458,neutral
0.02324237717864969,0.0069111842495785236,0.010344793649072983,0.2623702400366247,0.598043177597115,0.03066071118392667,0.06842751610503248,neutral
0.08416913075314178,0.010475464711369974,0.004928977771643543,0.17403725824713911,0.6259355826412215,0.016714498154290613,0.08373908772119347,neutral
0.18785522817729117,0.01793595777893634,0.013703388386927043,0.3000180559885015,0.35430274143537144,0.018411444574922414,0.1077731836580501,neutral
0.09240737738674114,0.007496909712313619,0.005608991968947907,0.08934578657471451,0.6997443073619403,0.05068303927715175,0.05471358771819075,neutral
0.12777237153185814,0.007423549712471969,0.008805764818165703,0.1483107681201117,0.6042035013766813,0.030427685582174013,0.07305635885853702,neutral
0.4331386932507833,0.016016116102801146,0.06682293298219953,0.15380185590661577,0.15786541587107142,0.05287143661110662,0.11948354927542239,anger
0.4482899108853598,0.005613042951181647,0.005834830243742173,0.14064556000128944,0.3422190802239603,0.012853016144321366,0.0445445595501453,anger
0.03620554369344409,0.003699404684867434,0.004008652847483515,0.6175857673705963,0.2494944386098004,0.04379371258321943,0.04521248021058877,joy
0.028943638231361195,0.008102289672688034,0.004952910338445442,0.16573871407191001,0.7341966450573503,0.026755411878871933,0.03131039074937309,neutral
0.03409494410885716,0.005999270900862884,0.006597154179484058,0.07390220204406264,0.7210138598631625,0.056081865198177885,0.10231070370539298,neutral
0.07194210628198783,0.011321758601131953,0.005633652108005626,0.19333376799740207,0.45501802518577256,0.05561173649089241,0.20713895333480742,neutral
0.7363073475191673,0.007830688093479402,0.008240066938916258,0.09237105015530625,0.09922501453500869,0.011538785799995658,0.04448704695812659,anger
0.06770633691871861,0.006120039452815027,0.005060413617660621,0.19760205504776152,0.6100233962734053,0.027787522464540214,0.08570023622509886,neutral
0.09835425050991824,0.01270316130552039,0.03729009230573835,0.4370204797657905,0.20588475316478178,0.02349704781027576,0.18525021513797524,joy
0.10457160594543578,0.013379755309928881,0.0373288947636717,0.4044102423303458,0.2789647004692563,0.026652419700631865,0.13469238148072965,joy
0.007318420611641134,0.6112605483932927,0.3404978835074976,0.012978483429559456,0.01748539161938569,0.004031087833119252,0.0064281846055040965,disgust
0.05765377689837155,0.004575238531181107,0.005285681566957747,0.21181610046248692,0.5880751159497506,0.018792273890711725,0.11380181270054031,neutral
0.054896580597926,0.004380304683615586,0.005908430281235149,0.6170194645241716,0.23073637221387977,0.025037455128397335,0.06202139257077457,joy
0.05665633695981996,0.00655390388040747,0.006796968624242913,0.16355717632149191,0.5476103981010508,0.057504523854893075,0.16132069225809387,neutral
0.043541302593323845,0.008981823294705687,0.007964281519256992,0.25111774725218833,0.611361778841443,0.023052826143130697,0.05398024035595133,neutral
0.043066501196397794,0.15230354212782168,0.2955337378476494,0.229631008436345,0.19047505825508776,0.023206503135769576,0.06578364900092888,fear
0.06833049000194781,0.007334155359868975,0.004723260079689917,0.14271085768334152,0.6910549238936269,0.01380773501067874,0.07203857797084619,neutral
0.23181158490193363,0.007821315337956193,0.008274121245258167,0.2440106726480239,0.32136174854077726,0.024928168754533703,0.161792388571517,neutral
0.0789465725273933,0.06065315672198633,0.5677468819046505,0.0910342721011079,0.09126298676418118,0.05076456579114878,0.05959156418953191,fear
0.05722053958864848,0.009922386284933683,0.019856541477878173,0.21582269676489726,0.6026459731509374,0.021937215956551872,0.07259464677615315,neutral
0.02043207759179683,0.0060643610038505335,0.005319227458867808,0.09564661081243613,0.8133047594665553,0.014338804799131976,0.044894158867361346,neutral
0.06967574874191018,0.007979618012126878,0.008355711514096534,0.16884471368928758,0.3898684410614034,0.037389848197624406,0.31788591878355105,neutral
0.07094270765677814,0.005955461735482825,0.0060984301460412,0.26638036231946216,0.5273911848756314,0.017067656191138297,0.10616419707546608,neutral
0.1477823935231236,0.006510246839959181,0.009273965777465348,0.1302209723640615,0.4603650424646798,0.091296040848209,0.15455133818250144,neutral
0.04974069293824417,0.016879616765075264,0.008929077591430292,0.21723648038484888,0.36713959776563343,0.03148769559093429,0.3085868389638337,neutral
0.0317081507329047,0.004409387631119714,0.004381934634435347,0.1362053710033786,0.7039929804023027,0.041228949131797255,0.07807322646406165,neutral
0.028612317600822855,0.00949513283823612,0.01058079342332191,0.17311965249686703,0.538607177871354,0.020387672062553843,0.21919725370684406,neutral
0.10320042584238669,0.007364792381427783,0.020898753132865558,0.2747396116725769,0.2791639754648266,0.09134389335329648,0.22328854815262006,neutral
0.07529676377163685,0.008611317203398904,0.021784897611634123,0.16289048872265244,0.49399031953117223,0.0949727000271424,0.14245351313236315,neutral
0.06131521621898813,0.004677077082377321,0.023997385452331658,0.17328464113633835,0.645205667548283,0.016840077029536625,0.07467993553214498,neutral
0.17199533868753092,0.017098649145295734,0.011224939041600747,0.2788069810343066,0.39854363508942997,0.022996446894044995,0.09933401010779103,neutral
0.03101405368733129,0.012085297253017891,0.00820977436074111,0.15797268314145488,0.6971493261396756,0.019567124679948752,0.07400174073783057,neutral
0.10214438448976804,0.006851614465657589,0.014242931450477036,0.1277560743294003,0.49229639286863636,0.07334402487864065,0.18336457751742002,neutral
0.08318775494939298,0.006024176557382442,0.0055962527218401115,0.13410188427547157,0.6242292577262523,0.022980735496782003,0.12387993827287871,neutral
0.06959480409470795,0.0067000255419767465,0.008535771251401685,0.22129965096230383,0.5716532779758489,0.02278802305607758,0.09942844711768331,neutral
0.03377730409834472,0.0051791558887213105,0.00473971496635209,0.12336709852612389,0.7341506519109454,0.017398328449965583,0.0813877461595469,neutral
0.050234635786510204,0.004675479576359683,0.008108522687131981,0.21657526482512474,0.6249355668534344,0.028490345114761843,0.06698018515667711,neutral
0.07334797466008029,0.004754371624101184,0.006399660523702584,0.16015524280301427,0.6651059733625776,0.029025482575958574,0.0612112944505653,neutral
0.14831644481026712,0.007871715921761523,0.007300161175286778,0.32837746417125596,0.3991765033302647,0.031247227238828102,0.0777104833523357,neutral
0.6134086352469227,0.002627292160260649,0.0032478402911286586,0.062069852119390916,0.2674603105094788,0.022769058573731585,0.028417011099086713,anger
0.005408463092536061,0.8966176091551346,0.06771420355785329,0.007544718555097937,0.014185591516332866,0.002837410912552688,0.00569200321049232,disgust
0.1238507075845104,0.00788384890913068,0.005781333861122576,0.1667969742572092,0.6385442949297898,0.011795853249359254,0.045346987208878024,neutral
0.01620701512106988,0.008235303346119225,0.007538443773868937,0.051184926780827804,0.5775480408197029,0.03427346864054178,0.3050128015178694,neutral
0.14649827208113242,0.008656522460789394,0.0073301102600973195,0.15178634201505473,0.5419894707229514,0.019004000311764496,0.12473528214821021,neutral
0.03732922666207697,0.00735151834006864,0.01002000087521845,0.12815982385656616,0.5987350398600026,0.09070878886019988,0.12769560154586718,neutral
0.049935718389735935,0.012211401765884436,0.005725749808643958,0.21670110465490972,0.535839388767961,0.015981896271378533,0.1636047403414864,neutral
0.18107922507017093,0.011799904455363802,0.012421033339938978,0.3156167176411702,0.2657908949491281,0.05883254111279099,0.15445968343143696,joy
0.09184886678443742,0.005077581945784738,0.005328792837266548,0.20435121518351804,0.5539408804663344,0.07899953319823803,0.060453129584420694,neutral
0.039581370829002205,0.007954668988067485,0.005428515474955405,0.1332398889416762,0.6886534931941979,0.01872238036606129,0.10641968220603946,neutral
0.03649113774315855,0.1507771464380737,0.47190014345744613,0.08078375704011238,0.1673475860269153,0.014425886190422316,0.07827434310387164,fear
0.1445669210113575,0.008610795661103548,0.004247850697149742,0.10196038599186306,0.5604770087542771,0.06488439538954048,0.11525264249470853,neutral
0.019162787121540077,0.681867610463358,0.17436852882627632,0.032348151432413944,0.06385551393965186,0.006364443090004829,0.02203296512675509,disgust
0.1636390005204191,0.005310437936544311,0.0071852496266807475,0.20424553639985651,0.5425449320468523,0.02324055272289449,0.05383429074675269,neutral
0.03678998246928367,0.00577763105181348,0.006261363500670951,0.10196533428822749,0.7018035167998533,0.060897401276591795,0.08650477061355923,neutral
0.03932042746797902,0.006056085409030606,0.0061649669095876795,0.07265079666646418,0.7930734162894555,0.014075190228373958,0.06865911702910896,neutral
0.07912206497206364,0.011626395620534845,0.006124870339890327,0.18405761348502106,0.5215802054272564,0.042389971962772416,0.15509887819246124,neutral
0.035566785157067175,0.010007924243780388,0.032639870201627674,0.06561236602367589,0.22411318883034742,0.03171196065141996,0.6003479048920816,surprise
0.4873161776378535,0.005758522705289019,0.009578342967017582,0.1514387873709674,0.185161935920164,0.06961377217019213,0.09113246122851645,anger
0.02782828825000505,0.004915296670984287,0.006666321004751987,0.10483493389033663,0.7636708669581498,0.036041429075370245,0.05604286415040197,neutral
0.13824618582862652,0.011665721277076975,0.008255483786612216,0.3434350975168734,0.385639899402306,0.048305696346346294,0.06445191584215859,neutral
0.15441594347705812,0.008335589332641717,0.006455231982759076,0.1307126494653009,0.6329110321947503,0.016482502850501384,0.050687050696988506,neutral
0.05235146460892778,0.007157428070337922,0.017930799446016908,0.16010046235529077,0.46671611049462725,0.2294770216399954,0.06626671338480393,neutral
0.046278063603086554,0.004822616682894322,0.005467704930496582,0.23731561732763423,0.5749048220572457,0.022767694994694353,0.10844348040394819,neutral
0.07378681787032126,0.010147020457325313,0.011595633882124956,0.31911888074584266,0.48792788596557424,0.03467090452153174,0.06275285655727982,neutral
0.05861652425487898,0.0093005224134321,0.0073041561514605585,0.2795793494737068,0.5282056610792653,0.0244366560534973,0.09255713057375903,neutral
0.03298145101705862,0.007376575813490051,0.004654918357821482,0.12141683460349112,0.7699549010814278,0.014572007117523175,0.04904331200918781,neutral
0.04919677062114615,0.004205250893657719,0.00590687901460552,0.16723636331180272,0.6035609845837976,0.017066180838091187,0.15282757073689918,neutral
0.1106618116667759,0.008715256482628265,0.005039767756364276,0.13821357561901854,0.5850131510031316,0.0323188629323327,0.12003757453974867,neutral
0.07725772389543589,0.006039580491877022,0.004614714012736211,0.13719178644961708,0.6154457923376581,0.025078822765272672,0.13437158004740296,neutral
0.057617850784232066,0.005138128664697957,0.006558599484681259,0.21766463885137813,0.5849249779660239,0.018458522006658207,0.10963728224232833,neutral
0.11180022482161339,0.010661355074086255,0.008840119992460248,0.18389984565276826,0.559746571902534,0.022108850913166406,0.1029430316433716,neutral
0.028614285200083606,0.01686260063458724,0.0222717135402961,0.17084478059616698,0.6152420758535838,0.0265317233951984,0.11963282078008386,neutral
0.08003638995095011,0.01966163307310457,0.019087778510463428,0.26136248788268135,0.43917963222551487,0.10080656964700838,0.0798655087102773,neutral
0.027897153444360123,0.004431526961352524,0.010753977491392647,0.1557013619364707,0.4815240814171632,0.07139972647507287,0.24829217227418807,neutral
0.07134498329455247,0.004003147128151973,0.003535210895664799,0.14724656228482277,0.13539880379165933,0.6014184569127841,0.03705283569236452,sadness
0.006538869286884167,0.1755008568975302,0.7855544232324072,0.00843471410564953,0.015077117583058328,0.0025817010210485046,0.006312317873422058,fear
0.35798769686934273,0.011708984966340973,0.03254268406743537,0.23238535205314684,0.26322503032703687,0.01886205222647438,0.08328819949022284,anger
0.6304351026956417,0.002526507353458156,0.00481963814350938,0.050672154813265285,0.2702383244834137,0.012690380796486796,0.028617891714224877,anger
0.12401406850227488,0.01707247792587809,0.012757619027922048,0.229686792668594,0.38205528983043796,0.12238213123780585,0.11203162080708726,neutral
0.034444108119584094,0.0035595741497424266,0.0028051231584805313,0.10480940266925613,0.782506569355995,0.015293361239464863,0.056581861307476715,neutral
0.293553185943127,0.0056301058018880055,0.015362707290310775,0.19793242546628528,0.37477246085219906,0.027105556770869222,0.08564355787532052,neutral
0.05054764771050586,0.004968445517958037,0.005119370695446629,0.17055338984117357,0.6885571900254638,0.03881458716983995,0.041439369039612234,neutral
0.042898284057909054,0.006193281745714415,0.004635254501357887,0.0503220568771384,0.25717463499448967,0.032691261028065285,0.6060852267953252,surprise
0.037446139845375245,0.006499463196118305,0.009359075558112823,0.36725682617376126,0.49671165199891176,0.02872791579697524,0.05399892743074551,neutral
0.035333253587111285,0.003986366454671241,0.008921570127953018,0.0886135672479871,0.7801641340063187,0.02600206799085005,0.05697904058510858,neutral
0.02639814544302996,0.004713244148144523,0.005301691851813668,0.1672425314245892,0.7065018762753869,0.016729542081132028,0.07311296877590387,neutral
0.05288263216363176,0.007862821077653771,0.005050661917204021,0.09068781029702712,0.21600811640713627,0.020491965176604603,0.6070159929607425,surprise
0.023191185116019357,0.010164305316405045,0.01907670398063561,0.10574190094581258,0.6789273438431929,0.02684873539490463,0.13604982540303,neutral
0.12733378579262364,0.0053104234246213996,0.007113357808462446,0.13570422218847958,0.6453877961192465,0.027478152708753246,0.05167226195781334,neutral
0.058133734026903236,0.013923787373414768,0.012786156099167837,0.10953095795943249,0.7358853723302272,0.023783434813917894,0.045956557396936666,neutral
0.07760183491300397,0.006306817580742994,0.008801317623492956,0.16744932683873265,0.46904890256638815,0.11551816362180134,0.155273636855838,neutral
0.0752924825474181,0.07839721870288337,0.6700959087313614,0.047319859870335386,0.047918119908212514,0.02578447054424015,0.055191939695549266,fear
0.03655189946224388,0.010408656242150531,0.01066997723954999,0.20228044118553087,0.6131376684225114,0.038021468056761897,0.08892988939125147,neutral
0.09475280348475953,0.004142677056054294,0.0054230322455842235,0.07591084316473624,0.6545931388215441,0.07755968696004427,0.08761781826727723,neutral
0.023096703563945917,0.012029925659216897,0.012037634925529212,0.1410609829281374,0.7224528548457648,0.03362721300140234,0.05569468507600347,neutral
0.03354093308263049,0.0033287371568629866,0.003708510970232856,0.17120685862366247,0.7007077689230902,0.02842668767359207,0.05908050356992901,neutral
0.027070790777526128,0.021942936157304603,0.01470160803707681,0.07927138213314767,0.7290806129732236,0.016880952124088522,0.1110517177976326,neutral
0.04353364854237758,0.004409903291429624,0.008415053238831257,0.1653545365289216,0.6934884480575869,0.032040967774694964,0.052757442566157955,neutral
0.172229707535159,0.004408080294937864,0.009473597561293479,0.2025757151328843,0.5547125738517047,0.014378824074709737,0.042221501549310834,neutral
0.027841574007639886,0.010586528670362987,0.003639312597776971,0.2947504230145574,0.517950827292618,0.019888501479370033,0.12534283293767468,neutral
0.6146126904362262,0.005463513398424969,0.006909557069713633,0.1236723551025457,0.18421380950636027,0.020236897090006173,0.04489117739672292,anger
0.06780133450126177,0.01063445626253756,0.007815731812832707,0.07263287163988111,0.6199613053581751,0.05833429707016469,0.16282000335514718,neutral
0.02525959340365341,0.004828674910215724,0.004276551112906622,0.10481467543570419,0.226294395461694,0.01614282694775137,0.6183832827280746,surprise
0.13961917373114757,0.008010290604884106,0.00885244757556962,0.2648704234992937,0.37398563861809425,0.046198225516147946,0.15846380045486286,neutral
0.061789552595790456,0.009673713254967319,0.00677455596464199,0.19876933588178627,0.5681212615859744,0.018407294796883175,0.13646428591995632,neutral
0.06535917769664623,0.023834254053694715,0.014318006289507352,0.10298483557274632,0.5222106272705196,0.07737773380891623,0.19391536530796966,neutral
0.018371902495894658,0.3652098637384824,0.46932712115417446,0.0419819849938263,0.06614910164674517,0.007892823942078405,0.031067202028798712,fear
0.04400231924116346,0.005816834341304909,0.008305239220121182,0.17031259688165842,0.6768781804322549,0.0436228937047632,0.051061936178733926,neutral
0.03341158242189623,0.006224693134067391,0.010546670398243533,0.20706593158113795,0.6816327415588757,0.017123298937864444,0.04399508196791484,neutral
0.013195235077369786,0.046388313054637975,0.8482592641926714,0.03523911383100232,0.031734996373534864,0.010121911174278969,0.01506116629650474,fear
0.06273139454557167,0.00726158356276133,0.005202864971296956,0.10731228721533853,0.5739748027278347,0.029922217485946978,0.21359484949124974,neutral
0.057721890563209,0.0040455703222676415,0.012183601255171319,0.10200030497581979,0.6986628632123754,0.015826496849104973,0.10955927282205184,neutral
0.05459487275805761,0.004616810303920396,0.005112037238514639,0.23647234669021933,0.6170866995977184,0.01689475140780611,0.0652224820037633,neutral
0.030381792468367173,0.016738201506760076,0.01604587766160032,0.3443232994752463,0.5192980368425874,0.01432531116388259,0.05888748088155628,neutral
0.008560126682094172,0.22664302624704613,0.7084924346366499,0.01462764511285407,0.026455628294146608,0.005888940824653575,0.009332198202555424,fear
0.026652998704400594,0.0039736412378131025,0.012236634543139259,0.2772878687694785,0.5654486281527463,0.025673586871475584,0.08872664172094673,neutral
0.0569922044170965,0.007894925279099,0.012334028070771363,0.12670169991684244,0.5255318090460392,0.06890753738600217,0.20163779588414932,neutral
0.02164443923872472,0.0031955284262383922,0.009692075725085018,0.1875511325913831,0.6734249167414129,0.03300768958540097,0.07148421769175486,neutral
0.04417356340839566,0.003182821267960029,0.004649432074400766,0.07746970335992677,0.8271236590980202,0.009077881477620717,0.03432293931367569,neutral
0.1775274091007955,0.007699042891132051,0.006549592050468125,0.1931216136289775,0.5039118117520718,0.027451040620164614,0.0837394899563905,neutral
0.05942725451983204,0.00878627204371254,0.004528048230789706,0.627738099948529,0.2320773904200298,0.01495175011349967,0.05249118472360724,joy
0.5846839331453991,0.004854551846705546,0.005352202368587208,0.09778115116351307,0.2120541447757955,0.015727857246489323,0.07954615945351012,anger
0.04086205731422039,0.006088733973644833,0.004857488626011379,0.6241050874035389,0.23828771102119892,0.008260030056700077,0.07753889160468548,joy
0.08048395619686255,0.019115050894134147,0.011709975420982172,0.1482967729159107,0.21162445606724253,0.01778195840983388,0.5109878300950339,surprise
0.03557769134825668,0.004527147012984852,0.004627192119298021,0.09772217489903529,0.1795453872228536,0.5997420553303999,0.07825835206717155,sadness
0.1200543482923161,0.00739218537923076,0.010360946143550308,0.24751118340263673,0.5123511487872159,0.02335015063952164,0.07898003735552864,neutral
0.10022710739110338,0.012010285194254367,0.019139999817236977,0.26761792871073553,0.35437310659611526,0.11625349097390289,0.13037808131665174,neutral
0.015796340355562058,0.00691464421645185,0.0038992122291766408,0.0647591556954237,0.8763050630997133,0.012280699928424904,0.020044884475247417,neutral
0.0839949523828845,0.019489290546777185,0.02438713234311965,0.22339415511739305,0.5607459542495103,0.017461315668935138,0.07052719969138015,neutral
0.028442982094892755,0.01258193753378009,0.006458482004946936,0.09932952519778912,0.7620788049536588,0.04512193951361471,0.04598632870131758,neutral
0.08061116612432404,0.00784284647589321,0.007470853655035073,0.19030130092466677,0.5785639659593659,0.01785736336080896,0.11735250349990593,neutral
0.01815070849745533,0.0052747086488441385,0.0072019417110070535,0.17074815341198255,0.6817647867162103,0.05578060455410076,0.06107909646039976,neutral
0.05913207106521984,0.007541312653005525,0.01209079408547648,0.14091592498540104,0.6523548395571516,0.03045584087899147,0.09750921677475406,neutral
0.6086811358272223,0.004807925646596363,0.004930346747614749,0.13586428537244669,0.18367536649745297,0.01645626127673425,0.04558467863193277,anger
0.08419990381788289,0.007152009912535935,0.009389615710317921,0.2991533220162359,0.38024298678812,0.031296233797776817,0.18856592795713045,neutral
0.03701145646793386,0.033730711746198155,0.01735980128866037,0.07603666646288278,0.785690616932388,0.022149454014108658,0.028021293087828,neutral
0.056076549705460554,0.005466071330093358,0.006052131379332356,0.3017576500705127,0.4492784615973662,0.04351449021753614,0.13785464569969866,neutral
0.4338513698464115,0.006471226790878104,0.006826684079558258,0.12389098787986183,0.22589489209484961,0.013246014455893542,0.18981882485254697,anger
0.16498374076832062,0.009775592931109542,0.01844937138987665,0.2627218569449728,0.35026882933247666,0.05135739221995127,0.1424432164132925,neutral
0.06241614289184641,0.005068606916203188,0.0060416622515860425,0.10730839090659698,0.7011529669640145,0.020396611390031457,0.09761561867972125,neutral
0.027542329240677645,0.002993683648813627,0.0026234929956547373,0.0889176457112353,0.8086710267991938,0.017112480028317115,0.05213934157610785,neutral
0.02469076177358105,0.3023536864278732,0.5435596534104498,0.04073451621942922,0.05247211423906279,0.011261276279872204,0.024927991649731782,fear
0.294408947279992,0.008525782502448717,0.006379003944409926,0.1347083978452843,0.4591104967210414,0.03136966394323026,0.06549770776359334,neutral
0.046881387259835365,0.007760843817349041,0.005560131864189132,0.1336560297011147,0.7254387459678255,0.01850143393314705,0.06220142745653929,neutral
0.03735916624669974,0.014750838522509208,0.0054316735725594735,0.11531461765617411,0.7603597535529322,0.015335116709875177,0.05144883373925001,neutral
0.06273139454557167,0.00726158356276133,0.005202864971296956,0.10731228721533853,0.5739748027278347,0.029922217485946978,0.21359484949124974,neutral
0.1478042404857416,0.004595045376344148,0.014399671012069308,0.2376251463684855,0.3958416183287995,0.06268969413086807,0.1370445842976918,neutral
0.15684640673971587,0.009591544191206225,0.009044557781775153,0.15911422940737552,0.4213987480996591,0.014668756021732624,0.22933575775853554,neutral
0.03353299786283594,0.10571520887241351,0.26870956448595484,0.12016408927347888,0.35148088987633924,0.030439332900800795,0.08995791672817688,neutral
0.04371301130350654,0.007186901150649534,0.007118778337858984,0.11041431646951187,0.7481540753426007,0.016725800654266255,0.06668711674160607,neutral
0.03185641039791653,0.005128262185059613,0.004363289077444345,0.14659389818036223,0.6377254628890102,0.02089145665391661,0.15344122061629037,neutral
0.04678544477502813,0.007962987289806062,0.006525664266669903,0.2214552809046672,0.5532547164419319,0.019540694882161716,0.14447521143973505,neutral
0.053545044744551774,0.003957889146532022,0.0057263521067287375,0.1281552852264017,0.7668402954908117,0.01047542341118817,0.03129970987378589,neutral
0.02961282349323968,0.007769286391426129,0.00865644205325777,0.17243623995506158,0.5112431727227273,0.08493112590670211,0.18535090947758542,neutral
0.14897998088387523,0.010512055367872062,0.009207644943981465,0.20472449207134705,0.4836988832539822,0.027950393826471798,0.1149265496524702,neutral
0.08521974740418357,0.007315946543079766,0.011098560035655179,0.15092716370779022,0.5663157293610347,0.024442786674339613,0.15468006627391698,neutral
0.03519877845031587,0.004487718964937457,0.00596655033882096,0.06653175844046291,0.7764157590901478,0.01556891800360368,0.09583051671171122,neutral
0.03456248814154839,0.005419168931907491,0.006029050729696252,0.19357411199003877,0.6819065169520908,0.01488214465379053,0.0636265186009278,neutral
0.1040011020444443,0.011181294381255513,0.0074135710879434475,0.25024160610103746,0.49310104779765523,0.041213278869844126,0.09284809971782003,neutral
0.06844977218354363,0.006524546572140385,0.007946211173226409,0.17543512657089042,0.2553824507015352,0.032932752483814325,0.4533291403148496,surprise
0.044866855092583875,0.0052996773218342026,0.009655029400818254,0.10656338658613594,0.7614123331183965,0.03617834052212436,0.036024377958106785,neutral
0.11917541830718537,0.003904816152509637,0.006123853671873269,0.14443265369134214,0.6601012678678498,0.012564396890286421,0.05369759341895335,neutral
0.04376763389794491,0.006437553270066339,0.006234755831555758,0.15117946519942843,0.674862829444178,0.017195425666983465,0.1003223366898431,neutral
0.030292947108755776,0.007508930179705401,0.005685320353990604,0.16955440972346014,0.7282176161291138,0.01752570613486846,0.04121507037010575,neutral
0.4949371426346444,0.007290011817304479,0.009362886785225127,0.113205528939527,0.267533247248333,0.009956480356035548,0.09771470221893028,anger
0.17097490363142778,0.004662535153400123,0.005956377097646465,0.14736692962911924,0.509528219873505,0.025016625231430435,0.1364944093834709,neutral
0.05253861683345303,0.0049135679382472566,0.006698844128585072,0.1604552568755927,0.7031013163362402,0.018268426444847143,0.054023971443034745,neutral
0.03205424510289831,0.004836444654001176,0.005184437910727341,0.06177808128160875,0.241529758923112,0.03132602865040451,0.623291003477248,surprise
0.030741103226426977,0.006035720928487215,0.0031649274196005953,0.07724039529323007,0.7642360024801279,0.03873832250588542,0.07984352814624195,neutral
0.20111154393872988,0.008183224917521504,0.008760592136894485,0.3401490778018588,0.2735029638114708,0.07031687769373206,0.09797571969979237,joy
0.08310853757854121,0.0058432454939379265,0.021020660067252294,0.2037730054185692,0.5957246200116467,0.014815015285522508,0.0757149161445303,neutral
0.04460777150357903,0.003941963565437405,0.0047330856427219205,0.12993528820450495,0.693212388869672,0.019767339896796292,0.10380216231728835,neutral
0.04202909105401852,0.007985382981016503,0.009287361407765626,0.3358732145274932,0.48468721626807737,0.026768498915226258,0.09336923484640249,neutral
0.635470286202827,0.0035287460119486115,0.00281788177552849,0.07685302691895243,0.24187220896814202,0.008594728623411272,0.03086312149919043,anger
0.12479971571664385,0.006668942182230214,0.007803114659814347,0.3555342123353452,0.2784037175139802,0.028658669142022156,0.1981316284499641,joy
0.08978923627539918,0.00885276707235677,0.012462145172799597,0.18171829828325015,0.6582436601847063,0.01794570625550819,0.030988186755979853,neutral
0.23750615158619234,0.04259902120259318,0.409274021838551,0.09246475947551153,0.12382362897184679,0.03644307373888577,0.057889343186419286,fear
0.4959205902635034,0.003912008260866954,0.02562651252677889,0.16332759376780864,0.1521609332055748,0.01777615064207584,0.14127621133339152,anger
0.16911704336176042,0.0063819017206369335,0.009009966030773994,0.20343525678272137,0.481427825996184,0.017461560274490095,0.11316644583343324,neutral
0.24273044016661535,0.005137137929508981,0.005224757291424539,0.137918368792074,0.49634535323525114,0.024480179100372448,0.08816376348475347,neutral
0.042534863833198946,0.0045926110640818205,0.007433036781081773,0.16129378086956087,0.6804603670470675,0.020830079557023234,0.08285526084798576,neutral
0.07718111422196142,0.006501217638837544,0.00587926712924751,0.19437914443143653,0.6155470556091319,0.030192788039451374,0.07031941292993378,neutral
0.06444055101399437,0.008015324737608269,0.005387919657468806,0.15235812395419338,0.6774669933590389,0.034487522134668054,0.057843565143028186,neutral
0.04742545610038047,0.005044203976008407,0.0032494177847288905,0.133990101074564,0.7548026686863254,0.011799125836367835,0.04368902654162488,neutral
0.025199011399275214,0.028309383822271248,0.015337841456978854,0.10886139073796813,0.6994519109764863,0.015327851664546633,0.10751260994247347,neutral
0.03495397830691996,0.009918495148678473,0.010607758321993097,0.13979363393573566,0.5779922212613119,0.10304264589848663,0.12369126712687432,neutral
0.08218254099701346,0.030302269876555564,0.038799583647917336,0.17119215464444912,0.5280605474223309,0.054625992416722106,0.09483691099501154,neutral
0.021889310664219525,0.012677115833417763,0.004670994712065687,0.05350186194678572,0.8232172805569599,0.01699534918677745,0.06704808709977392,neutral
0.08266515191690603,0.006492149808533815,0.00745848698727827,0.3283832666054223,0.4724865782386333,0.012918477533323402,0.08959588890990296,neutral
0.05672256111304498,0.008812604809072694,0.008985977211232671,0.2751948107261082,0.46002331640647426,0.029320808861064515,0.16093992087300268,neutral
0.057615219408021404,0.008024251142719457,0.03615300396779299,0.1621691128506653,0.5774624086035114,0.02139668781808189,0.13717931620920762,neutral
0.04990864446043119,0.009610709176983106,0.006518389253686625,0.1510997460376223,0.44692710787121104,0.29055691379606524,0.045378489404000535,neutral
0.034946183330062844,0.013696683347983163,0.03766765095297152,0.09470711027723624,0.7608177345773544,0.02657638096258375,0.03158825655180816,neutral
0.02998684157795629,0.012928114531192856,0.5813623477304939,0.08378757705404655,0.156768627819788,0.03369069262663227,0.10147579865989007,fear
0.13172884506533533,0.01511944275560516,0.05608252996256825,0.335337275245952,0.2875636746870195,0.04788490351922627,0.12628332876429352,joy
0.08086525432451629,0.008735456430187695,0.021055018899775995,0.3807490674204006,0.3172150221417266,0.07755479611120535,0.11382538467218757,joy
0.3920450090763967,0.002714118358029387,0.007292759126328876,0.059855280263879006,0.07513549819676756,0.42328843488021634,0.03966890009838221,sadness
0.2773662402385757,0.006686529355171982,0.014017822360312774,0.2677382423780174,0.17716951222046282,0.01790432548756663,0.2391173279598926,anger
0.06969766496926706,0.014644750263745036,0.006322694848198513,0.370605260732002,0.36459137133594016,0.06628826082802183,0.10784999702282531,joy
0.05063313191704842,0.004497458478345978,0.007900451347348906,0.6903807479142112,0.18427218158607359,0.017524095708094652,0.04479193304887718,joy
0.15135741093456792,0.01070867598643883,0.008556309984188593,0.30343468496783293,0.3472059861094402,0.047590485624574366,0.13114644639295708,neutral
0.11027141210788932,0.0067469539749963345,0.022424338777214205,0.3034752576170048,0.3483090932821083,0.04565465426721144,0.1631182899735756,neutral
0.051640003530782935,0.006765736737763153,0.0062299372910771585,0.2354409174739155,0.5533877684029571,0.03374726983112863,0.1127883667323755,neutral
0.03667733203540024,0.00569541818732266,0.0076333272152050505,0.20213930562411953,0.6702170697466229,0.01994774877123315,0.05768979842009654,neutral
0.06396340588896368,0.004852762696970059,0.007223378507020638,0.18589677833377088,0.6673319306762249,0.02968668637717586,0.04104505751987404,neutral
0.2327842456934549,0.008037944287960291,0.011591688530643683,0.21326139592470114,0.3817852645680476,0.026560327111481482,0.12597913388371088,neutral
0.08348770913654685,0.003747534175626177,0.004002746768264015,0.20832078289752715,0.6193582472668615,0.013698305194815248,0.06738467456035899,neutral
0.11971089999331404,0.0049106840297029625,0.02753615306024401,0.2492470293514077,0.3261535200890024,0.16792242535661694,0.1045192881197121,neutral
0.06853719637496222,0.007792943868629212,0.013547962042608297,0.1378863232440892,0.6359185462284439,0.02166269718683212,0.11465433105443498,neutral
0.056006323566198314,0.0050918801792484945,0.006392577961522802,0.1256072959013829,0.6697896241238084,0.08044888954627617,0.05666340872156296,neutral
0.1355992955669373,0.038226470317735635,0.015336206467600913,0.37438586925399403,0.2611500263095752,0.011916182188942718,0.16338594989521416,joy
0.017312761794964226,0.0031679799341149807,0.006805595085241809,0.08274915146575491,0.8459246087533181,0.014721052913302298,0.029318850053303473,neutral
0.04199059984807297,0.010637749026040309,0.011723215033729948,0.10644559631166418,0.6662061454686927,0.024699214504020035,0.13829747980777998,neutral
0.09700958027893039,0.008572481844402511,0.014132558368581316,0.26433339217919083,0.4381805913735986,0.07242810653255095,0.10534328942274544,neutral
0.045844660182168886,0.015196640126574991,0.010767911857353745,0.07661928234409657,0.7329867563739818,0.0349538451988227,0.08363090391700148,neutral
0.07060952421576003,0.009759262570152758,0.006788772671092334,0.15842364238081427,0.6919134017323472,0.012173815104759421,0.050331581325073954,neutral
0.1216096270055216,0.006948469532840488,0.004542595463329452,0.2936352537030767,0.40049108081970025,0.02097022570065673,0.15180274777487476,neutral
0.04057320779156409,0.0041998378510371085,0.005438639572807447,0.370875219753227,0.5146846750498696,0.029483953090534244,0.03474446689096054,neutral
0.2192865248301191,0.0050111017100606565,0.005403079474595735,0.35452324335602087,0.252471618953578,0.02388531324226616,0.1394191184333595,joy
0.0503851536885805,0.004810736537945561,0.011479482627416325,0.18720938729624442,0.6517951396458568,0.026809591465389745,0.0675105087385667,neutral
0.030246710805160167,0.00696868735028007,0.006846212535913146,0.12380200911581561,0.7273712082279536,0.043872288410220825,0.060892883554656455,neutral
0.02251253863768544,0.016658902122336748,0.02109159993070622,0.2296381715513816,0.5913287360729591,0.03195868255459347,0.0868113691303374,neutral
0.12106150419884643,0.007277515907734421,0.0062340046041675385,0.19503219095761065,0.5777712819356681,0.026296217601786808,0.06632728479418608,neutral
0.23023918637197174,0.003830591888898523,0.005130632408527567,0.3404206765648649,0.3185377984485819,0.029961507388215222,0.07187960692894041,joy
0.05151389604262555,0.005249432025072643,0.00456457445998183,0.6245138029872959,0.2521219948396072,0.016573124344139215,0.045463175301277796,joy
0.05447132073504903,0.005972809856766598,0.004782174149808305,0.0899151438226265,0.7921613452805049,0.008527241106919459,0.04416996504832532,neutral
0.04510518875084479,0.012101131260326187,0.03043755178130426,0.1828202877873952,0.6234133586743701,0.025919220947580427,0.08020326079817913,neutral
0.07152480160188482,0.007810859703250676,0.007471713818052488,0.17918362935766957,0.5995224778222045,0.04421321670606964,0.09027330099086835,neutral
0.049921156969845476,0.005184280359092363,0.007654374037032045,0.1323593804147304,0.7160347190566021,0.01556747451560883,0.07327861464708885,neutral
0.04702902438164023,0.006960771517643518,0.004120997722487601,0.07965597564375444,0.7627337878406962,0.014595855400565993,0.08490358749321192,neutral
0.12825083698546835,0.00754680425756098,0.012647881012588149,0.21942213335133756,0.4420074308359549,0.016847993782569376,0.17327691977452067,neutral
0.1267449521123766,0.010686475582151574,0.0076556581313970175,0.1536287136782737,0.5919741624494643,0.017764369971153486,0.09154566807518331,neutral
0.009333414108522422,0.0850415669042093,0.8475027969389467,0.023004038271810447,0.022696968031237393,0.0032920357550120646,0.009129179990261655,fear
0.008278647211807924,0.24837549953600874,0.696760989634107,0.013452079663277845,0.020549804009035836,0.003934788547275288,0.008648191398487177,fear
0.06712580520292308,0.009618411632881648,0.00848336187497457,0.23823449014331116,0.4554156689363654,0.08473860511364369,0.13638365709590033,neutral
