m13_pred_1,m13_pred_2,m13_pred_3,m13_pred_4,m13_pred_5,m13_pred_6,m13_pred_7,m13_predictions
0.04879426741519576,0.005124999999999999,0.009061678809534785,0.09185111748447944,0.5436189477119348,0.16585705899211906,0.13569192958673632,neutral
0.011619909154966166,0.002890440029053607,0.0035682385381760723,0.030219704974575316,0.9160741976579062,0.012184527901201192,0.023442981744121166,neutral
0.12681937733855272,0.021071612720372786,0.01696694203423059,0.1356060539529497,0.5287221131056761,0.05374256220373824,0.11707133864448004,neutral
0.013999931590763511,0.006471153846153845,0.008287545787545788,0.03068715834250639,0.9071450003420463,0.011966781874039939,0.021442428216944344,neutral
0.024833333333333332,0.30108333333333337,0.4962499999999999,0.06016666666666667,0.07141666666666667,0.02333333333333333,0.02291666666666667,fear
0.013737832990545209,0.0019723379627759868,0.0017855345911949685,0.028516875911526383,0.923471191412029,0.011999440352829805,0.018516786779098918,neutral
0.018515839876518263,0.002455193378549498,0.002918815232492416,0.03651837539961354,0.9041930487907334,0.016553342378385343,0.01884538494370742,neutral
0.16508333333333333,0.006833333333333333,0.001,0.15283333333333332,0.4746666666666667,0.04791666666666666,0.15166666666666664,neutral
0.09575377219937052,0.00425,0.009519999999999999,0.15898236619822895,0.5837888319924351,0.058912895650398214,0.08879213395956713,neutral
0.06452164292460538,0.0031671931027500884,0.005217092074952423,0.18675837399104284,0.5968914060953558,0.04697215668620029,0.09647213512509294,neutral
0.022806054935563085,0.00768568128233604,0.015450483635158559,0.08474445277755888,0.5742115640905554,0.10536721837896779,0.18973454489986016,neutral
0.14097499109351874,0.016109171103455475,0.015666666666666666,0.1800883309504403,0.4032071759675459,0.07737138180962286,0.16658228240875,neutral
0.10263304961950008,0.004010236322372897,0.004872499921356302,0.17399491408488524,0.6167788180775787,0.038339601298970044,0.05937088067533678,neutral
0.04899574649710584,0.013673430410171553,0.013803859161973414,0.2457123316871718,0.4932258862703711,0.07829024596438865,0.10629850000881744,neutral
0.0369875392581275,0.06194035087719298,0.05647943315420851,0.12112535907777357,0.5629733604200893,0.03768587187666135,0.12280808533594673,neutral
0.0923209175750595,0.006591422184578379,0.01852085054902785,0.2662522297412611,0.47877264463094793,0.03981001583451532,0.09773191948460942,neutral
0.11928887068399517,0.011726289538077311,0.02039048648506342,0.13433416898984601,0.5629582578961801,0.05675753225816762,0.09454439414866983,neutral
0.1173731943092315,0.011758947390506862,0.0071779057244767495,0.137333618347091,0.630654214869059,0.027738969395865395,0.06796314996376954,neutral
0.2140454545454546,0.01958333333333333,0.03437878787878788,0.18825757575757582,0.3126515151515151,0.07699999999999999,0.15408333333333338,neutral
0.2801666666666667,0.009833333333333335,0.012000000000000002,0.19899999999999995,0.2815,0.051833333333333335,0.16566666666666668,neutral
0.06600631783311031,0.008503151274994984,0.01307952560089148,0.20486825998156288,0.4834655157224007,0.07218410352695467,0.15189312606008512,neutral
0.09270666666666665,0.018416666666666665,0.03541666666666666,0.2758700000000001,0.30426,0.08762333333333333,0.18570666666666663,neutral
0.024745911680038157,0.004649333786972569,0.010643844540925254,0.0870342278338874,0.7310549479091242,0.05077396600738577,0.09109776824166674,neutral
0.056460866399866694,0.007182412667205953,0.008174454613794482,0.1388806110076471,0.600569742056209,0.0766244573713854,0.11210745588389145,neutral
0.08173702234507925,0.003897565337257728,0.015791577644412004,0.32748483830486713,0.36605806847920114,0.056769158973351705,0.148261768915831,neutral
0.03891046152967928,0.004344482286698985,0.003404580767223789,0.8424030739059293,0.06982232820276699,0.014527142331957413,0.026587930975744436,joy
0.02878414629099891,0.004666666666666667,0.003997750009718096,0.026008086663719815,0.9007414506203402,0.01118971346873401,0.024612186279822767,neutral
0.06840030192860222,0.012188550217812188,0.011906238048083764,0.2300132910442826,0.5047283919355462,0.06241268152888999,0.11035054529678273,neutral
0.07224771393005842,0.03068685107981767,0.03221962488208922,0.17936209748031093,0.5386253930474915,0.051531567362123935,0.0953267522181082,neutral
0.10923731290470884,0.013673557804785826,0.005164564528055008,0.1750802287905955,0.5543449944085781,0.04644771433622247,0.09605162722705438,neutral
0.23108333333333336,0.02025,0.041333333333333326,0.2604166666666667,0.2718333333333335,0.03391666666666666,0.14116666666666663,neutral
0.07515165652375143,0.011836488675395138,0.008377431156842783,0.13120437499942658,0.6154141386691993,0.05728506969981732,0.1007308402755675,neutral
0.02529595641809543,0.003373161764705882,0.00521840000934663,0.033293467069450286,0.8989000852725998,0.010315580212285055,0.023603349253516977,neutral
0.37149999999999994,0.006,0.03275,0.15149999999999997,0.17000000000000004,0.061500000000000006,0.20675000000000004,anger
0.3232691604737012,0.009943298059964727,0.006543779137529137,0.10720424560461962,0.40435763401447133,0.07380618667430262,0.07487569603541146,neutral
0.026116631144324675,0.003134008176250262,0.005712610263541378,0.7465390197604171,0.13566618439645645,0.038109973571160416,0.044721572687850195,joy
0.047212402744506575,0.015119083053369304,0.006974139660097026,0.16630760120768465,0.6487185991886828,0.049227448552603685,0.06644072559305647,neutral
0.036374598785630693,0.0048029582453356055,0.015181572855093892,0.0868855937385699,0.6808897174575022,0.0872202165535263,0.08864534236434181,neutral
0.07445929342300871,0.010376680330484217,0.004598923342719695,0.1719421867657326,0.5193328540890678,0.05638141154733736,0.16290865050164932,neutral
0.45116666666666655,0.005999999999999999,0.0095,0.21166666666666664,0.19958333333333333,0.032583333333333325,0.08949999999999997,anger
0.1162831853715012,0.009843125460047883,0.012300623708005748,0.1608084655956451,0.5561747544869048,0.057454049301255375,0.08713579607663983,neutral
0.1527261904761905,0.04292965367965369,0.052762987012987025,0.28783549783549783,0.2403314694564696,0.06128162578162578,0.1621325757575758,joy
0.15757692307692306,0.021583333333333336,0.07433333333333335,0.26161111111111124,0.2738952991452992,0.04425,0.16675000000000004,neutral
0.002916666666666667,0.5771666666666667,0.40425,0.004499999999999999,0.008916666666666666,0.0,0.00225,disgust
0.08074107876612864,0.017365917590794797,0.008712592198043167,0.21851018880062692,0.5053860504937708,0.05476724072200177,0.11451693142863385,neutral
0.039234091043464675,0.011661353759142453,0.005781130449949519,0.7735653965572984,0.11341339761031306,0.017956601401528584,0.03838802917830406,joy
0.10119260024576726,0.004688350694871264,0.006523418712163525,0.1257080351292239,0.5190556084172965,0.1124194449715917,0.13041254182908601,neutral
0.06312948043510153,0.012966174510903301,0.00569922483099823,0.22179998845539928,0.5117304069964895,0.08129298798655556,0.1033817367845526,neutral
0.047416666666666676,0.20091666666666674,0.4061666666666667,0.14758333333333334,0.10433333333333329,0.0175,0.07608333333333336,fear
0.059971963972626094,0.013842109958572825,0.0019623437684473796,0.128548005902009,0.7006610884308022,0.029915462262621186,0.06509902570492163,neutral
0.21656498886104147,0.007889097744360902,0.00936974380395433,0.19077220829852412,0.4248832149818993,0.03616938178780284,0.11435136452241715,neutral
0.13591666666666666,0.05058333333333333,0.4871666666666665,0.10849999999999996,0.09533333333333331,0.04491666666666667,0.07758333333333332,fear
0.07469942106934924,0.011249035409153759,0.020931691228082548,0.1541481398900342,0.6041646374570614,0.05298992403802525,0.08181715090829351,neutral
0.0093767654466151,0.0027154449659918104,0.002114670738315305,0.017604757563652252,0.9487540978458062,0.007422394536654682,0.012011868902964757,neutral
0.10512490558062801,0.011045824590104092,0.007813144851542,0.21265522222856045,0.41342041114622985,0.0818004398023988,0.16814005180053687,neutral
0.10110517426555504,0.012236312406151938,0.009966382759728732,0.19872152454202777,0.5246850475497465,0.04152882178201866,0.11175673669477161,neutral
0.12872245384089515,0.01223793437473426,0.027462363950555343,0.19394680775929207,0.3827468589989076,0.11188981864092555,0.14299376243469,neutral
0.0659533681750974,0.020112994549962095,0.007045454545454546,0.19202955107913272,0.4730472966153746,0.08549671944716312,0.1563146155878154,neutral
0.04403686321926992,0.003573813409328168,0.006023600732008643,0.1428376121666418,0.5969800719260545,0.09900309830700317,0.10754494023969391,neutral
0.05143644183333661,0.01884889344874634,0.027645716350112648,0.2175162936166574,0.4632896651830651,0.047914756291477005,0.17334823327660498,neutral
0.16741666666666669,0.004416666666666666,0.01275,0.25495,0.29301666666666665,0.08441666666666667,0.18303333333333335,neutral
0.08082892720306513,0.009459595959595958,0.013833333333333335,0.16931921240805628,0.3905037299977464,0.10476630094043887,0.2312889001577644,neutral
0.11337931034482752,0.009499999999999998,0.03317816091954023,0.2944971264367818,0.4080919540229884,0.058247126436781614,0.08310632183908047,neutral
0.19462726976770875,0.023621191422420928,0.016635964912280702,0.24329297782614767,0.33417917234975564,0.05807368976651766,0.1295697339551686,neutral
0.0770030119808443,0.004007862359112775,0.010195776370820472,0.1520707422612264,0.662600560098272,0.03759295941482043,0.05652908751490378,neutral
0.2111333333333334,0.004583333333333334,0.029699999999999983,0.1905423076923078,0.3669307692307692,0.07105897435897436,0.12605128205128202,neutral
0.14046136928260694,0.008214564700681931,0.0072210969272644195,0.17963756726318764,0.47760020324472646,0.04681068817220939,0.14005451040932324,neutral
0.15237015972631535,0.012205793688014065,0.010997304230672012,0.17390428155748916,0.4756371443677256,0.06884282428628484,0.10604249214349902,neutral
0.031687222455837334,0.007297943172176774,0.005401014578340576,0.11524586762426602,0.7315599570632437,0.03361841146596526,0.07518958364017138,neutral
0.11866767655854323,0.01690096958226186,0.04940384328058019,0.21586402517033784,0.4248821847299597,0.05756035418869507,0.11672094648962214,neutral
0.017968930081786034,0.0025549206580334606,0.003769828983072573,0.02960648444772009,0.9205459160931438,0.00981592351920035,0.015737996217043453,neutral
0.15938814305490373,0.01191846053489889,0.010147574920379111,0.23533531719310327,0.42465475164958544,0.060154834583436845,0.09840091806369264,neutral
0.5776414084693502,0.0038899050411488377,0.008060854140657077,0.09042318944596156,0.2203596801671179,0.048026925836686024,0.051598036899078055,anger
0.0005,0.806083333333333,0.1931666666666667,0.0,0.00025,0.0,0.0,disgust
0.12563245219532437,0.01006877557496044,0.009744088452634943,0.16826768917964435,0.5855135392632924,0.045835668487804945,0.054937786846339,neutral
0.026110525223317544,0.012027937012411977,0.012776902997600164,0.08987248534638856,0.5747646468608278,0.08028199080333291,0.20416551175612116,neutral
0.1926813988565249,0.010075992063492065,0.003088461538461538,0.16766004810138116,0.4624721415311971,0.04976762115698056,0.11425433675196266,neutral
0.04431540976092225,0.005248438361993734,0.012505153037981285,0.07780947786300141,0.561553314435887,0.1793750264417489,0.11919318009846569,neutral
0.07588559223568893,0.015947350265779175,0.016735922622567043,0.24164944036778033,0.4790912396815046,0.04985552489016759,0.12083492993651238,neutral
0.21366666666666664,0.0016666666666666666,0.013166666666666669,0.2596666666666667,0.30816666666666676,0.06925000000000002,0.13441666666666668,neutral
0.10763532928154435,0.003914005655792999,0.011621116026511329,0.1898508194623474,0.4855817289101859,0.1037325943115145,0.09766440635210341,neutral
0.06059084761360786,0.01356212805831025,0.004472999672597791,0.1507784018979545,0.6143773056175876,0.043374475489300755,0.11284384165064108,neutral
0.021583333333333333,0.2323333333333333,0.5407499999999998,0.06266666666666669,0.08566666666666667,0.015250000000000001,0.04175,fear
0.1147640042381622,0.015439373436702566,0.0033444691414910776,0.11976799125704696,0.5348748763385435,0.08625620780903849,0.1255530777790153,neutral
0.012727380952380955,0.5279166666666666,0.3425000000000001,0.04216587301587302,0.05472896825396825,0.005547222222222222,0.014413888888888891,disgust
0.13027722553383875,0.006307884164769164,0.011226012039060809,0.1814277828690884,0.529551508247789,0.06057134993648462,0.08063823720896929,neutral
0.05522293559339052,0.02291267654343621,0.011159823613894056,0.10215351923073747,0.5316417102028278,0.12186270341140423,0.15504663140430966,neutral
0.04455658005826387,0.011323408506280865,0.0029645580720842847,0.08683620869925772,0.6884022886526387,0.043513789214570074,0.12240316679690454,neutral
0.09211694915254237,0.00425,0.01810028248587571,0.17423700564971745,0.42169435028248575,0.07860028248587568,0.21100112994350287,neutral
0.021591333333333334,0.0060079999999999995,0.017141000000000007,0.036837999999999996,0.04909019047619051,0.02579,0.8435414761904755,surprise
0.2722040233930479,0.007722512582268678,0.012459575429087625,0.23118339023217077,0.26012062553525966,0.10087778481680917,0.11543208801135628,anger
0.03695939628821066,0.003865332767247624,0.0063127748846784565,0.11012810601816161,0.697646512224008,0.056265718033800934,0.08882215978389235,neutral
0.16316666666666665,0.016333333333333335,0.017833333333333336,0.3000833333333333,0.32591666666666663,0.07341666666666666,0.10324999999999997,neutral
0.31140147592029976,0.006690890184113075,0.008928030303030302,0.12567899885441172,0.38938921841426505,0.05294272550044829,0.10496866082343165,neutral
0.05579850276515387,0.01041602462888892,0.013851477801387626,0.13281158705499635,0.5452617819517112,0.12508083306043988,0.11677979273742224,neutral
0.06610516857200131,0.007892969003471103,0.010560341200357213,0.25637467468385855,0.4652614626745077,0.05471424671090897,0.1390911371548954,neutral
0.11245039180126438,0.014789862914862915,0.019707444915765347,0.2252580351744032,0.38694710835341695,0.08661166223447757,0.15423549460580993,neutral
0.07959029559442554,0.009177209062174656,0.013816305442882724,0.16620370208121465,0.5284107424163441,0.04548822998678135,0.15731351541617686,neutral
0.059713172604001066,0.019789676259466576,0.00834957245801667,0.13810947052890865,0.693034562552095,0.03552173754278769,0.04548180805472454,neutral
0.09037875965902577,0.007940850026161685,0.007843693611936877,0.16827557442194746,0.5260712732351517,0.04872814269649971,0.15076170634927683,neutral
0.14401468292619807,0.005310778010547558,0.007217261904761904,0.1316528320268566,0.5049580766432982,0.0674408068887473,0.1394055615995902,neutral
0.10966363017934444,0.014384044526901668,0.004074242424242424,0.20686562113133541,0.4789244380094379,0.049217377860235,0.13687064586850298,neutral
0.08367921500727249,0.004817694775873474,0.011679069310399965,0.1907430341929047,0.5286006314341472,0.0511379854069946,0.12934236987240777,neutral
0.12441293858820514,0.017605000044996055,0.008224596812933508,0.18095530502316612,0.5187632275424026,0.039733270437733816,0.11030566155056286,neutral
0.03311721083068461,0.008799740749630263,0.0479532465317542,0.17734787245661063,0.49643785620932096,0.06749543568175284,0.16884863754024676,neutral
0.0958333333333333,0.02283333333333333,0.06975,0.4235833333333334,0.22283333333333336,0.07666666666666666,0.08850000000000001,joy
0.03676649371929604,0.002055466436917992,0.015140224064531266,0.14032191844628059,0.5629115691780797,0.11383494761262325,0.12896938054227092,neutral
0.07315303976047685,0.012452489060578038,0.0034809299386410774,0.10528766643442553,0.12265053020626236,0.6233097297291968,0.05966561487041904,sadness
0.0006666666666666666,0.4139166666666666,0.5756666666666665,0.00025,0.00625,0.0,0.00325,fear
0.1908333333333334,0.01725,0.06316666666666668,0.2264166666666668,0.23660714285714288,0.05933333333333334,0.2063928571428572,neutral
0.7147104241394163,0.0034630256410795634,0.008420307721039074,0.0748268946683759,0.11453797722719128,0.03135093525478411,0.0526904353481139,anger
0.10192667600644273,0.01905537138804664,0.015190965589652146,0.18687271164355332,0.3899883934427795,0.11718045266154203,0.16978542926798368,neutral
0.019114451128926065,0.002664804164579103,0.001161046497082195,0.029721505616044502,0.9165985712127089,0.010401932328362562,0.0203376890522972,neutral
0.24608277264758133,0.002595704467353952,0.020971428743078224,0.16426759941315558,0.39196467744470864,0.04618695030662911,0.12793086697749315,neutral
0.11832238932563591,0.010416992864051823,0.012119202022630183,0.2186190689556521,0.4328638127149332,0.10503776909125492,0.10262076502584205,neutral
0.03275244697691024,0.004058755396961839,0.008883512948504087,0.03866033574803855,0.09396825592515205,0.03901305542852812,0.7826636375759055,surprise
0.0683129870319036,0.012734449310151304,0.016143245601504166,0.27230155955935387,0.5024568437404345,0.05097508756790832,0.077075827188744,neutral
0.008549029506817962,0.0027832167832167833,0.0031902576489533014,0.014084279573419681,0.9492859930433778,0.009459338377628763,0.012647885066585571,neutral
0.05593978563974132,0.010546311872463715,0.011284301038494938,0.18199268734156335,0.5836082103519831,0.06599046769582911,0.09063823605992467,neutral
0.04373182740632384,0.01348879793461707,0.007641713686384266,0.06703603145892796,0.07604356687976042,0.02575425689373905,0.7663038057402475,surprise
0.043149377946541806,0.015369538422542892,0.034110984606077026,0.13125694636186452,0.6143819981299342,0.05530199286728079,0.10642916166575853,neutral
0.14280527363205758,0.007550065101478587,0.01042794691257113,0.13803167146812678,0.5775088433038982,0.042192728282969424,0.0814834712988985,neutral
0.058816153846153844,0.02180384615384615,0.057818717948717964,0.20832340659340662,0.5302273859473858,0.03807452214452215,0.08493596736596735,neutral
0.09077967125352199,0.011570622813065447,0.008061952552508392,0.18105309549752038,0.39575354687744824,0.11640188054253124,0.19637923046340433,neutral
0.037666666666666675,0.09658333333333331,0.67025,0.04941666666666667,0.06091666666666668,0.028749999999999998,0.056416666666666664,fear
0.055499510990615536,0.015692860582297203,0.016269230769230772,0.2232168952654692,0.49867744836463684,0.06663544736509573,0.1240086066626547,neutral
0.06721881853090138,0.015583849070995836,0.012771762478512732,0.10332928598101243,0.52142777371187,0.14654887083690227,0.13311963938980537,neutral
0.013555220465310578,0.0012990948753652317,0.008458200590546024,0.032057278345851925,0.8939491573702396,0.025815216764912947,0.024865831587773033,neutral
0.06468591198557574,0.007222357560617383,0.009375176772590109,0.13616217729230498,0.6083911247475096,0.06185907589632011,0.11230417574508222,neutral
0.011270144815273338,0.008800223710484516,0.008914246287518478,0.017532000109040574,0.928872916421518,0.010802847128553396,0.013807621527612049,neutral
0.07677298617516028,0.0043792596275813505,0.01686899126073613,0.16085096888594555,0.6243770785561077,0.051735379631473004,0.06501533586299636,neutral
0.2146602014913534,0.0055833333333333325,0.011171902268760909,0.23165871807075988,0.35578448357924786,0.06346902268760907,0.11767233856893543,neutral
0.034558302566776805,0.027435519672112163,0.004073888663936142,0.2115185141109869,0.5279145972877587,0.053762407301310954,0.1407367703971182,neutral
0.7859507165111651,0.00727609749957333,0.011049212341023686,0.05061172970750143,0.0739110556244714,0.04008861812615605,0.03111257019010901,anger
0.08720058836532037,0.01981269022188871,0.012255262862304368,0.08921432192106335,0.5059089648448221,0.1567108420360228,0.1288973297485782,neutral
0.0424521426102152,0.010720310486803334,0.012044684090397745,0.08105065824992039,0.20615719317694461,0.036265306454971315,0.6113097049307474,surprise
0.1458676135889089,0.005673919314462873,0.0065667817795835555,0.2568174374015229,0.3942655579787769,0.07725843975806879,0.1135502501786764,neutral
0.09366442945938104,0.021079756523209862,0.009895463026951754,0.19650338072275353,0.457157230786279,0.04382463119617226,0.1778751082852529,neutral
0.07053581965382398,0.010999340990861832,0.010638594069729215,0.12583341998483652,0.4837371550383549,0.11763956568928645,0.18061610457310717,neutral
0.0025,0.5026666666666665,0.45075000000000004,0.00425,0.029999999999999995,0.0024166666666666664,0.007416666666666666,disgust
0.11196140417127934,0.018124270393141777,0.013653098447281273,0.1732617670385731,0.4920232807853906,0.10186066139835179,0.08911551776598213,neutral
0.06054694287991337,0.013972199350663338,0.010918289568930005,0.1727753878935456,0.6423759843381226,0.039699419841246995,0.05971177612757791,neutral
0.008083333333333333,0.17158333333333337,0.7285833333333334,0.02966666666666666,0.04258333333333332,0.008,0.011500000000000002,fear
0.09523254433183159,0.0060913501087107485,0.011869762692089716,0.14888636500038713,0.46726037332577075,0.07829254361815464,0.1923670609230554,neutral
0.02065261525086734,0.0005078740200518345,0.0027625460098163425,0.027098908710976578,0.9048319327645551,0.01666490042502144,0.027481222818711293,neutral
0.08557733866913231,0.0032978968299332565,0.0030277209915789485,0.22018565479051275,0.574647699377082,0.04406698203170664,0.069196707310054,neutral
0.07635416666666665,0.03641666666666667,0.035270833333333335,0.3280714285714287,0.3215535714285713,0.048375,0.15395833333333325,joy
0.0,0.40566666666666656,0.5897499999999997,0.0015,0.0030833333333333333,0.0,0.0,fear
0.052177474859306336,0.004524564270152505,0.008276358503734389,0.25501646599259886,0.44199007443258403,0.06535079569231526,0.17266426624930836,neutral
0.04050482431523853,0.009420776770879763,0.025585190346642906,0.10477900216996819,0.5957182344548358,0.08955444436333554,0.13443752757909916,neutral
0.06272373612968762,0.005472473310032003,0.03192712974089293,0.1893594458321019,0.5183343689485854,0.08506494184776679,0.10711790419093319,neutral
0.01843298684407713,0.0026824836655691686,0.0032261202713464235,0.02640538799781888,0.9287591127049025,0.005246968206049948,0.015246940310236396,neutral
0.12248225984692183,0.014580871730309355,0.005153784710694429,0.18787609080465198,0.5252476568189017,0.04068780512433116,0.1039715309641895,neutral
0.041286726317418795,0.0038261294884421333,0.0020614243832936248,0.8251380279867722,0.08150624002156519,0.014819286260930533,0.03136216554157735,joy
0.43633333333333335,0.005333333333333333,0.01125,0.17141666666666663,0.20991666666666675,0.031083333333333334,0.13466666666666663,anger
0.037764077587287836,0.009495759768739532,0.0038380096505340176,0.7669717259602029,0.10566937340840357,0.01774500080254142,0.05851605282229099,joy
0.11425,0.019333333333333327,0.024749999999999998,0.16041666666666665,0.27099999999999996,0.05191666666666669,0.3583333333333334,surprise
0.060678115818592566,0.01243517972705524,0.010601402949823518,0.06838418012825798,0.09168147830527637,0.683295574590326,0.07292406848066858,sadness
0.09878645055259386,0.01272313492362104,0.015838373547488047,0.2029979741015869,0.5019671296148377,0.05012185799722367,0.11756507926264889,neutral
0.17555910948186726,0.040685403625872946,0.013458122741623479,0.2167707663676365,0.3287044138315399,0.11267504679081092,0.11214713716064904,neutral
0.010290234989952605,0.0011759553887536053,0.002537761646880008,0.027508367498377723,0.9376775851156521,0.007844277612337417,0.01296581774804624,neutral
0.07209083647593291,0.02737050208894164,0.027137317965090956,0.22286204573041313,0.5066252070634006,0.048762800725497026,0.09515128995072356,neutral
0.05602301161271379,0.019242188490182922,0.015388656552358018,0.10972069467825084,0.6074709857847285,0.05784021636898525,0.13431424651278076,neutral
0.11173953975546423,0.010858209743866514,0.009314894351516442,0.1596081789756844,0.5429692394750314,0.03857034720195817,0.12693959049647888,neutral
0.04378232004395605,0.008082029573339469,0.010684738806930412,0.24597057999442276,0.5308128031179898,0.08131160929187753,0.07935591917148371,neutral
0.10299567800784076,0.003689784954966107,0.015833030933014927,0.17582212177793513,0.5319807849341014,0.053554555709217126,0.11612404368292435,neutral
0.7398836640792025,0.005692951289542902,0.00944255744831101,0.06683641202655326,0.09170508640264233,0.03767442615575528,0.048764902597992946,anger
0.09723827626138273,0.004821803792280651,0.010203855891509527,0.2487857846104101,0.3835821443291343,0.07964700266701706,0.17572113244826557,neutral
0.021425294733093833,0.0171906885308784,0.021362658227848105,0.10554787461831155,0.715847071729973,0.055612461502927014,0.06301395065696822,neutral
0.10781210624515246,0.008390469855076637,0.010210008694085346,0.2166216019188092,0.47314415231385487,0.07521502129888698,0.1086066396741346,neutral
0.45833333333333326,0.005833333333333333,0.005583333333333333,0.14625,0.19749999999999998,0.03624999999999999,0.15024999999999994,anger
0.14862693085730463,0.015009345794392524,0.01592601246105919,0.23831607699154433,0.3613166585750698,0.06698912185944896,0.1538158534611806,neutral
0.08143133005817371,0.013561957475710911,0.007435728092783506,0.16589490269149065,0.5637291990466906,0.06064680702993954,0.107300075605211,neutral
0.049100497144541295,0.00822259555123301,0.0060352875301076594,0.14525212316110248,0.6180331135865603,0.07020616555219124,0.1031502174742642,neutral
0.011666666666666664,0.5163333333333335,0.38725000000000004,0.021333333333333333,0.04591666666666667,0.004333333333333333,0.013166666666666667,disgust
0.23728408315147453,0.007943693693693693,0.016900000000000002,0.18321645030123293,0.37522000727435495,0.08345860052599183,0.09597716505325202,neutral
0.019671641453796768,0.003550054221646591,0.000795448274132049,0.026252649671028028,0.9072910162822878,0.017169260831083652,0.02526992926602532,neutral
0.021167344037100983,0.00673745754829236,0.00219168582502157,0.049820240658464104,0.8866135833241027,0.014825591563455367,0.018644097043562877,neutral
0.09523254433183159,0.0060913501087107485,0.011869762692089716,0.14888636500038713,0.46726037332577075,0.07829254361815464,0.1923670609230554,neutral
0.1725434782608696,0.002583333333333333,0.03366666666666666,0.2647500000000001,0.3169565217391304,0.11308333333333333,0.0964166666666666,neutral
0.18557223077910406,0.01167687074829932,0.006185109421126941,0.14656289308176096,0.3519185438326274,0.05937064401232193,0.23871370812475934,neutral
0.050708333333333334,0.13629166666666662,0.3747083333333333,0.114,0.1995833333333334,0.04266666666666667,0.08204166666666667,fear
0.09759225354933941,0.008274137225231038,0.018622251152819617,0.2112571601988738,0.5384428983276431,0.03903833891923205,0.08677296062686081,neutral
0.07151505106124736,0.011114023279645554,0.015518834525436927,0.1756768195092693,0.4818467834602564,0.04727624406091681,0.19705224410322747,neutral
0.055574927009894415,0.009512170176047581,0.012089425691733349,0.21284221431451422,0.5791873846453434,0.04172332821810093,0.08907054994436633,neutral
0.015277443560077883,0.002715407102485523,0.003591420365270925,0.02625794226523349,0.9357773545439005,0.00521445226750561,0.011165979895525667,neutral
0.027104427143626555,0.007366987939300014,0.009159754131528574,0.1287079939650182,0.5022947492618556,0.1427093397502398,0.18265674780843114,neutral
0.12313423546488718,0.010003820643560726,0.012584955296276052,0.16479901774677708,0.46417867500944326,0.054173765489900626,0.17112553034915504,neutral
0.14328212915540645,0.010532740424687671,0.018573379949639455,0.16370209994352686,0.46931262456292705,0.055439722251012756,0.13915730371280005,neutral
0.008778016361333529,0.0038148194003661956,0.0019035203066162742,0.019803578293988402,0.9235129524084922,0.014477238547498784,0.027709874681704137,neutral
0.05463016202598644,0.010107916825214733,0.009371138669934378,0.20550842876017714,0.5807483505278227,0.03848480183362266,0.10114920135724167,neutral
0.1118531023767783,0.0076292620047079766,0.010746315308519352,0.20150669942959304,0.512813574435713,0.07293727326351011,0.08251377318117824,neutral
0.12999999999999998,0.01491666666666667,0.013083333333333334,0.21900000000000006,0.2671666666666667,0.054500000000000014,0.30133333333333345,surprise
0.045072638959413366,0.007793086592178771,0.021260687177537832,0.15852954653094098,0.6300927060876264,0.0628009102163597,0.07445042443594277,neutral
0.16109281588551896,0.0089075354182029,0.016810053808603526,0.1628903977037677,0.4952612040893776,0.04706254947770329,0.10797544361682584,neutral
0.06642908987803275,0.008098218439198522,0.002283814083728616,0.15417150234402502,0.610966013191714,0.05260118999302733,0.10545017207027367,neutral
0.058942642247548555,0.009967084935876926,0.005533124237020559,0.16484727487767176,0.653759513803623,0.04132952322874516,0.06562083666951422,neutral
0.3296133333333333,0.0072499999999999995,0.012833333333333334,0.17032666666666668,0.2548533333333334,0.03445666666666666,0.19066666666666665,anger
0.12110304412509715,0.009086502917941048,0.012690377775263929,0.2046095978633414,0.47916730087193377,0.05063146671487598,0.12271170973154666,neutral
0.09702173635961756,0.013631246179009205,0.009302037436808195,0.17450738566338997,0.5857422139398111,0.04746401801037132,0.07233136241099286,neutral
0.033661464693441605,0.003301318300790731,0.008298450673452681,0.0431163200245453,0.14591557325359467,0.033382028121568944,0.732324844932606,surprise
0.01937947959666644,0.005452228592032806,0.0023995913252388944,0.02648932612417452,0.8924646462693795,0.028339154299100076,0.025475573793407983,neutral
0.2617108008761495,0.004699465568874831,0.009307535188507753,0.2103886690962577,0.29051397041433374,0.11532862128649868,0.10805093756937798,neutral
0.11995473189434626,0.009975736114988355,0.03194317211831671,0.246399651576873,0.45300752112870535,0.04763799612964206,0.09108119103712824,neutral
0.06352740431341626,0.0014234160214883862,0.008033112826396446,0.1210782900349563,0.640526491728123,0.054863054425519746,0.11054823065010005,neutral
0.06613128306059912,0.02295822018506203,0.016889222211503,0.22100986205976894,0.529297011743025,0.04744558496122909,0.09626881577881262,neutral
0.6786623234291075,0.010693911648013392,0.003549631643999575,0.07754677553759078,0.15411560443324532,0.024390042707864962,0.05104171060017878,anger
0.23239541100661798,0.005171474358974359,0.00807112068965517,0.21223142902754977,0.306396204960429,0.07576689016602813,0.15996746979074572,neutral
0.09532114945332604,0.016375869781982376,0.021527398015290855,0.17072870480989613,0.5757514040817733,0.04622675548857094,0.07406871836916042,neutral
0.06141666666666667,0.08041666666666664,0.6318333333333335,0.08758333333333336,0.07083333333333333,0.025833333333333337,0.04208333333333332,fear
0.36491666666666656,0.006083333333333332,0.027749999999999993,0.18091666666666667,0.18550000000000003,0.06275,0.17208333333333337,anger
0.20437436112415455,0.012218630991320563,0.007297399189803272,0.1684487685018366,0.41716327751099147,0.06000067954979721,0.13049688313209626,neutral
0.2585155677655679,0.0058611111111111095,0.005583333333333333,0.17888705738705737,0.34582692307692325,0.06058333333333336,0.144742673992674,neutral
0.09520505847589086,0.010903139145640969,0.00894513078863386,0.16648432704147062,0.545869161532726,0.0693537912136012,0.10323939180203638,neutral
0.1101736102320471,0.00770537825239136,0.0017442124100788944,0.1880608384845173,0.5456346809282858,0.049896232864770566,0.09678504682790935,neutral
0.12393399948031236,0.009932132073955005,0.01663757984400429,0.1959540140080392,0.48659161683993696,0.06518194398689857,0.10176871376685362,neutral
0.07249946397267777,0.01736692985641483,0.006138669380256467,0.14101194695233085,0.6607186466880541,0.02957447690614451,0.0726898662441219,neutral
0.0056808058897974655,0.007271201431011494,0.0033446754196229736,0.0222746382268924,0.9338502964107019,0.011162807587882774,0.016415575034090822,neutral
0.036973823719633744,0.00475464356632918,0.015373056371580594,0.12045473979647746,0.5645825982847175,0.12806944022278388,0.12979169803847804,neutral
0.06949942444780599,0.016659396330941784,0.03164183013507877,0.1174273119861723,0.5345508025967881,0.11454171637495102,0.11567951812826198,neutral
0.00923395114672142,0.004203294507148045,0.0030023711137254533,0.018301165955390556,0.9202416689425708,0.018924441958231134,0.026093106376212625,neutral
0.0893516343037223,0.007008951080018622,0.008189823375798181,0.20737979445591045,0.5058030017821763,0.05597671785027571,0.12629007715209853,neutral
0.1119924412892613,0.012466677599220705,0.028333686867561103,0.272983736766871,0.34347762719696484,0.0689518232804588,0.16179400699966234,neutral
0.08384732673903642,0.017953295909596448,0.02995183762234412,0.14467519670193482,0.5638975292777465,0.043299884605276256,0.11637492914406541,neutral
0.08008977377000896,0.01642034486399499,0.017455966984703922,0.14699763282760453,0.38298549214090993,0.17201935973881546,0.18403142967396216,neutral
0.024416666666666666,0.04866666666666668,0.06361458333333334,0.11767499999999999,0.688968504901961,0.0207625,0.03589607843137255,neutral
0.04975000000000002,0.016333333333333335,0.6220000000000001,0.08958333333333332,0.08533333333333333,0.04741666666666667,0.0895833333333333,fear
0.2805,0.005583333333333333,0.03491666666666667,0.25175,0.24758333333333332,0.05041666666666668,0.12924999999999995,anger
0.1535,0.0105,0.025666666666666667,0.27216666666666667,0.30908333333333327,0.08199999999999998,0.14708333333333332,neutral
0.45501892446633746,0.00025689655172413795,0.005041666666666667,0.026667980295566503,0.027396387520525433,0.46529729064039393,0.020320853858784897,sadness
0.26791666666666675,0.010666666666666668,0.009083333333333334,0.24450000000000005,0.21308333333333335,0.03966666666666667,0.21508333333333346,anger
0.1708895348837209,0.018416666666666665,0.0095,0.2437790697674419,0.3133488372093023,0.07718604651162794,0.16687984496124028,neutral
0.028619018399326988,0.006540329401749263,0.016252260616239248,0.8312561242441379,0.06178018119915531,0.02067440632114911,0.034877679818242455,joy
0.21923563218390807,0.012166666666666668,0.019416666666666662,0.16962356321839078,0.31315517241379315,0.0885833333333333,0.17781896551724136,neutral
0.08571693241339143,0.0090508100810081,0.024174314170112485,0.16661080176291618,0.46954849594297177,0.08988974308526324,0.15500890254433677,neutral
0.07228391038342406,0.013329481259687583,0.008207413020163713,0.23410403755005016,0.4882868670372193,0.04556349486419451,0.13822479588526093,neutral
0.057822474371041946,0.025594118391229524,0.013734022745345216,0.2126181004082653,0.5464821932812479,0.07453374377918005,0.06921534702369024,neutral
0.056744293087438405,0.005472842392059421,0.008267936900439747,0.14900614740595516,0.641810135275495,0.05129674630558169,0.08740189863303047,neutral
0.198904748452044,0.007722730567135762,0.019208779455772346,0.15386723526156812,0.47202633939373484,0.05630968826679581,0.09196047860294906,neutral
0.1510253009059208,0.01106169547484887,0.0113852503499078,0.2252445982823226,0.4694808172425107,0.02506060835463926,0.10674172938984992,neutral
0.2052500000000001,0.007499999999999999,0.027916666666666666,0.1906666666666667,0.27400000000000013,0.13533333333333333,0.1593333333333334,neutral
0.0944493551395846,0.006084500679371683,0.006974316749052019,0.16857493547788419,0.5909193537563849,0.048042323882861095,0.08495521431486147,neutral
0.06863996443788693,0.007645814361284557,0.018308691192682167,0.09095204001656024,0.6548850012296448,0.08739448262671766,0.07217400613522378,neutral
0.15429179184344302,0.03625735294117648,0.021346577227382188,0.2505080094025915,0.3321800374200871,0.0432354077032118,0.16218082346210794,neutral
0.007468974472784006,0.0018341254473650329,0.0009785595573073868,0.023825144780306565,0.9405976448407629,0.009558796014699788,0.01573675488677407,neutral
0.08597408568248019,0.013146156665828537,0.016316914927295714,0.135431603250205,0.5207520698474831,0.06224422233566319,0.16613494729104406,neutral
0.15789071824209353,0.008499241590212087,0.020507034757781383,0.22381751154651155,0.36435837791173636,0.08633259232807627,0.13859452362358854,neutral
0.04924657726557731,0.025259972536330347,0.01814255959557658,0.07330451128383987,0.681085888365433,0.04344058663425739,0.10951990431898574,neutral
0.09390024637540097,0.013851886257513468,0.0059177436207227254,0.14359816987881766,0.6640813540905066,0.027954059492408957,0.05069654028462958,neutral
0.1843069444444445,0.00611036036036036,0.007621471471471471,0.3176343843843844,0.3217311186186186,0.03828888888888889,0.12430683183183182,neutral
0.10894780559138599,0.01524100405163605,0.01727728378564133,0.25535810207904136,0.46895934409603274,0.03979355421089044,0.094422906185372,neutral
0.21071282051282053,0.003583333333333333,0.0034320512820512823,0.1999256410256411,0.29584522144522146,0.06130372960372963,0.22519720279720282,neutral
0.06221840622243473,0.006673076923076923,0.024510752688172044,0.19803926601842764,0.5048708889241541,0.07181780502818014,0.13186980419555436,neutral
0.08719975231147485,0.007535157190419847,0.010929258448200951,0.2047158808789573,0.457274068953928,0.11340168407553995,0.11894419814147895,neutral
0.02891704582459375,0.05984761603259758,0.08659343139061211,0.17872592899089515,0.4796279444886992,0.06526859406453918,0.10101943920806304,neutral
0.16474012078811173,0.011247079512843846,0.011327704830478298,0.20577772280567105,0.4944399498900791,0.029676236607477105,0.08279118556533896,neutral
0.32133333333333336,0.0026666666666666666,0.0036666666666666666,0.22215196078431376,0.27601078431372555,0.07289215686274511,0.101278431372549,anger
0.03797828884811043,0.005076113227433127,0.0026182186923453333,0.7848083984594768,0.10984293827760618,0.024828988414222302,0.03484705408080503,joy
0.10565592361660743,0.012328715744536535,0.01128533198197943,0.13966473248628353,0.6104477859076444,0.03719131452887188,0.083426195734077,neutral
0.08378274179827468,0.018532233681293045,0.028966954652809844,0.26447538502244505,0.44767678158482005,0.06808418107348833,0.08848172218686887,neutral
0.08092528736954933,0.016881064306300902,0.0049192931396086605,0.16126626500243024,0.5631437528250484,0.07564256344686472,0.09722177391019801,neutral
0.0150427461178425,0.002673436645658774,0.001948816685498991,0.027671137563213818,0.9184593673665598,0.014588751983666576,0.019615743637559895,neutral
0.06244719942844615,0.015450359628645044,0.006707951929363654,0.11208001540912876,0.6665131317780517,0.05131480550160953,0.08548653632475475,neutral
0.16704209708665738,0.015403963652334563,0.013881968768431814,0.23289237711971364,0.3992272856814848,0.048117037547237236,0.12343527014414063,neutral
0.12721692647899996,0.011503591769722953,0.01498205414455649,0.1948599459024925,0.4803466283560716,0.05974840437024633,0.11134244897791017,neutral
0.004833333333333333,0.19875000000000007,0.7415833333333332,0.01175,0.0275,0.007083333333333333,0.0085,fear
0.0,0.33974999999999994,0.6599166666666666,0.0,0.0,0.0,0.0003333333333333333,fear
0.11154812757829287,0.02071350166797784,0.014804127015402315,0.22699178262763015,0.3780163326674842,0.12087750893614503,0.12704861950706764,neutral
0.05738910890798563,0.061701258381779145,0.04147813898710363,0.17109779228840127,0.41049460274881105,0.1179096395678999,0.13992945911801918,neutral
0.07813697212718557,0.003000915750915751,0.015069851361381306,0.34785799552359903,0.4034446555074928,0.053307285363238095,0.09918232436618771,neutral
0.13284585921325054,0.021416666666666664,0.04627173913043478,0.14288731884057967,0.4485351966873705,0.06252148033126295,0.14552173913043479,neutral
0.07319866320076457,0.01528156664562126,0.005501897056228129,0.16110809283792196,0.5870580611770816,0.05175331328593443,0.10609840579644814,neutral
0.07708278392087217,0.026875899846638088,0.05439683934454897,0.20863796384749692,0.44092733701728143,0.05397252932355216,0.13810664669961012,neutral
