m2_pred_1,m2_pred_2,m2_pred_3,m2_pred_4,m2_pred_5,m2_pred_6,m2_pred_7,m2_predictions
0.07348623601636503,0.00542472128574194,0.0036472204494282603,0.10051742060382002,0.5112005117669224,0.1829135357907535,0.12281035408696894,neutral
0.07692188272665203,0.005833501675348758,0.01649446482256562,0.16537399521450294,0.5482305680569345,0.05922827153288756,0.12791731597110853,neutral
0.10921454447771878,0.010270021721746599,0.008494043404380319,0.11817682586400259,0.4647387281072719,0.04841543508434945,0.2406904013405304,neutral
0.019570087068202183,0.0005898207018020032,0.0014594498686892785,0.22967383027854263,0.6732247061657864,0.06465192269742177,0.010830183219555756,neutral
0.0016726577977990574,0.08613160847045866,0.8820687903009998,0.0067396296745292975,0.015409565542378552,0.006004402712894921,0.0019733455009396266,fear
0.09740177594240816,0.005184078058073318,0.004644154813995095,0.18369142404274275,0.5256256410498594,0.07555563245738503,0.10789729363553631,neutral
0.05233873802755483,0.040440279231178135,0.019827322227049426,0.1844087804528057,0.502504957771509,0.07470998480605012,0.12576993748385265,neutral
0.09362770467348383,0.007869400405302047,0.004577377494082865,0.1877583793608669,0.450057823772454,0.07642495035953188,0.1796843639342784,neutral
0.05601039691290239,0.004981308811064938,0.013249343570291432,0.2515312097689188,0.5206547970177289,0.08065758854333793,0.07291535537575558,neutral
0.07384126494235085,0.0031231036784539596,0.006522907449024615,0.1878968854329679,0.5288405819477939,0.06674213359108516,0.13303312295832365,neutral
0.035500083962481006,0.004080950069075133,0.005300106867492722,0.07236301764674574,0.7144979799380209,0.0758935640834334,0.09236429743275125,neutral
0.17645305733401118,0.019641470262160336,0.021678411649898664,0.23097189103930063,0.2993194740434635,0.13621427611636022,0.1157214195548056,neutral
0.1558384866315572,0.020709771207332497,0.011521613264270356,0.21992100475089646,0.44951490610863426,0.034575721876758704,0.10791849616055053,neutral
0.05892091330240187,0.004336052391041084,0.00824386494923194,0.17275854714385588,0.5897892124213515,0.06646964177620467,0.09948176801591303,neutral
0.014912588533090219,0.008181122658064963,0.011541694827767079,0.08946922999495822,0.7846983990153487,0.035275328205224055,0.05592163676554674,neutral
0.05305938074493283,0.00751900188970765,0.003617535243987059,0.33579736683532535,0.507719133592178,0.019457873440695453,0.0728297082531736,neutral
0.08130129426671928,0.0037971197441317526,0.0027427616187295158,0.1531182752802575,0.6120948024221924,0.04004304913831473,0.10690269752965494,neutral
0.06709297831834585,0.00278740264199218,0.001939152587581831,0.19370311169622245,0.6123937084081367,0.03736768899610945,0.08471595735161151,neutral
0.21513158075220573,0.004291789079733605,0.005711808886841964,0.17018868349121957,0.353449948001182,0.064541229525649,0.18668496026316803,neutral
0.12143539584534675,0.008296594248599647,0.01076949223739461,0.19615240179394952,0.5062759409666405,0.04367064007954599,0.11339953482852295,neutral
0.0716439153128713,0.009109365857336018,0.009336001531362027,0.18718499768652364,0.5559707110249041,0.0654013736935629,0.10135363489344007,neutral
0.02172816981020498,0.0021280520916089913,0.006190582612406342,0.1987503378299653,0.4747030920876792,0.047973453729231647,0.24852631183890359,neutral
0.030960401663888366,0.011031205054695249,0.022054338153115687,0.14258019597221855,0.6485388412366989,0.06451322679109504,0.08032179112828813,neutral
0.06901608632579312,0.014695557527695226,0.029327680643410906,0.16527711896008174,0.5630490356927897,0.05762394657935963,0.10101057427086974,neutral
0.13408449086770488,0.005532044766963874,0.012944832261781303,0.18719913603052554,0.49360549785575786,0.053330734795094946,0.11330326342217155,neutral
0.09667492603559272,0.009448370812584934,0.009477394703402253,0.1985656183613405,0.4537649977339146,0.051081159451779684,0.18098753290138522,neutral
0.11090947889560406,0.013695628879081555,0.028580953968920977,0.2370886566143513,0.4360363197208997,0.05939344762774895,0.11429551429339348,neutral
0.037373561090489296,0.0035245304901543877,0.004292233740761482,0.18603172591656278,0.5974081976505329,0.03906760990446573,0.13230214120703357,neutral
0.13674767975382676,0.03435022049162171,0.013727324501642109,0.23269336191982387,0.4418610288912548,0.04704630925578138,0.09357407518604943,neutral
0.12075764255697609,0.002754179698603529,0.0074858908259765565,0.20878721756539106,0.4971774760049643,0.0630803147926926,0.09995727855539584,neutral
0.28475128063613075,0.007765558892494433,0.01145161112358912,0.22650086068404326,0.16175814684987685,0.07273282254165421,0.2350397192722113,anger
0.1869633121930702,0.006549469480149028,0.004336920656908478,0.15431507524661595,0.47719445618231526,0.044177379422896845,0.12646338681804437,neutral
0.22278566056048002,0.007547049466385724,0.015305742585637333,0.19799189526927521,0.41426482485121435,0.07626844232515208,0.06583638494185523,neutral
0.009433963744963301,0.02267466733253136,0.00044253367291487356,0.1255187073069503,3.9502298921631675e-07,0.612400590440221,0.22952914247942982,sadness
0.2218900826691861,0.009867895021594703,0.005208715003957938,0.14993378513434802,0.3832129420394932,0.06345487402116304,0.1664317061102569,neutral
0.10060641314696087,0.02260180023531733,0.04399511038369135,0.20115937996274172,0.44299022127179816,0.07934846057885298,0.10929861442063761,neutral
0.021042747015522997,0.008475970367657976,0.00949266804581479,0.13503378156130136,0.7098442101552155,0.03507260005363827,0.08103802280084921,neutral
0.07479268125786111,0.026079776165237635,0.02004716368519785,0.131784673979463,0.46972719811060176,0.14647172421891277,0.13109678258272595,neutral
0.06215604683134518,0.0032934956961001324,0.005369481545199416,0.2101265068878595,0.521371684347858,0.06057952899325058,0.13710325569838713,neutral
0.19619603750625692,0.0028059672135326537,0.0032156762186437158,0.2202879127108596,0.4120686531248398,0.020073160549771644,0.14535259267609568,neutral
0.12731827278965355,0.008451405192928006,0.0022799341934787564,0.16698468732615554,0.5572950523299423,0.038672313482118935,0.09899833468572293,neutral
0.07399018363392566,0.0024075179876960227,0.013870375820794206,0.19177781085113324,0.5479550399529729,0.07558035740825053,0.09441871434522753,neutral
0.12315075524497228,0.036021476847344025,0.011391026991816024,0.33167952013085633,0.36506402785740455,0.014582935075239892,0.11811025785236695,neutral
0.00242045457814512,0.48884876360308044,0.4670859550964502,0.011618802833339846,0.018718633141855914,0.006303593454806308,0.005003797292322234,disgust
0.061363505511360036,0.001123727669772474,0.0028969014056556006,0.19573205752453926,0.5553845826453335,0.03127497561854717,0.15222424962479195,neutral
0.1252142737535613,0.007458291196486167,0.0071617620447031296,0.2811432282608813,0.3563615993110669,0.05297549020835746,0.16968535522494377,neutral
0.15563865338483848,0.008730711370414198,0.007555666200250458,0.1854153724905903,0.38619693790986837,0.08873849341362502,0.16772416523041325,neutral
0.033703537199788844,0.008650235259979839,0.005116281719065977,0.3593800868723005,0.4961573207646445,0.02188957011337175,0.0751029680708487,neutral
0.006754943474839476,0.16218821430371377,0.7985791442232726,0.011797907567891808,0.015792541074321497,0.0032640563073589915,0.00162319304860211,fear
0.07903902358502468,0.015252213775670605,0.008867600319034137,0.11512584513799859,0.6373426380288131,0.035995600269023556,0.10837707888443537,neutral
0.2784621505745836,0.0029397205307488566,0.0008242666540206146,0.24029064446686743,0.3825794871914295,0.009033769681745827,0.08586996090060395,neutral
1.0461138147926904e-11,0.8109527420083648,0.1890439415423878,3.245869660437116e-06,7.054476895741748e-08,2.435668246755302e-11,1.404808789738279e-20,disgust
0.08211385978683826,0.011861750776645669,0.015037032835018043,0.24559891931666267,0.4816754978985731,0.031791885471811845,0.13192105391445047,neutral
0.022841018124340483,0.008422173263995445,0.01139570794116613,0.2540761650927398,0.6413517323653836,0.024590534487818956,0.037322668724555676,neutral
0.13127894718455005,0.006161557336077386,0.00619332349189029,0.1622623745752225,0.5039239116892792,0.08185080537414229,0.10832908034883837,neutral
0.10287342857881004,0.007673807152488226,0.012867209634481909,0.28310369468301877,0.43464206998911964,0.05655101277246867,0.10228877718961268,neutral
0.15298417758579347,0.012907067190865299,0.01002160723509361,0.09531781827167295,0.48470233424624126,0.10472883719713698,0.1393381582731965,neutral
0.0754448308340131,0.02395453851600978,0.012211133992582885,0.183703312171767,0.43756031775641896,0.06211744029376018,0.205008426435448,neutral
0.09911887217701397,0.013367839486276512,0.006456813307879149,0.15580403611868168,0.49838720763345196,0.07704247325742256,0.14982275801927425,neutral
0.019456212389859465,0.0030752852396826054,0.0022091677935841226,0.2362551964499743,0.6762373054429304,0.019074627779555747,0.043692204904413466,neutral
0.2141859819863081,0.034441037821290085,0.013057690595057656,0.3326348835739057,0.14829562278578381,0.08618499162181345,0.1711997916158411,joy
0.0479671085567403,0.030623662061187936,0.008533851235705929,0.11813728779083034,0.4923984493469571,0.16066024943255727,0.1416793915760212,neutral
0.03612777938810128,0.00027669616040218285,0.004644105771094447,0.27503525651415756,0.5077087824235001,0.02654093183029553,0.14966644791244885,neutral
0.06484469548471446,0.004959127874049812,0.0015982466979814545,0.1624640011283609,0.6299266362596946,0.031754082016290444,0.10445321053890835,neutral
0.07738559690763255,0.011472118035434275,0.009518558383156671,0.18016614776934217,0.5639519983922149,0.03777739917012828,0.11972818134209108,neutral
0.20797883500223893,0.008532300831150986,0.02301363010592615,0.1383558396680108,0.33730094902212465,0.12760985104259862,0.15720859432794992,neutral
0.060453359398227824,0.0036217322896804484,0.001588562863120047,0.18353912362216773,0.6231012875095805,0.03334321823265166,0.09435271608457171,neutral
0.1296615005684754,0.003529805473829364,0.008612065950106145,0.18362500325810277,0.5209124642967544,0.061567362656660025,0.09209179779607181,neutral
0.052130120892626655,0.012906854732861479,0.006403681797292978,0.11874290954315925,0.6726037843377379,0.04192128335111484,0.0952913653452068,neutral
0.07525626989861027,0.005812630838361564,0.008644792431989332,0.27122902885142186,0.5326513646060664,0.036734013433378565,0.06967189994017199,neutral
0.10955730360842109,0.0028930582456295957,0.002824894048051305,0.28154785627922446,0.4326951945302725,0.05463073455210441,0.11585095873629658,neutral
0.11533730103607866,0.005345101162759844,0.0017112865421319591,0.21630808661311118,0.5121949094096504,0.052083849675489756,0.09701946556077812,neutral
0.06283818232401779,0.010592552514336882,0.009677350737507265,0.20192376298821946,0.5276628632405759,0.07492428106670325,0.11238100712863962,neutral
0.00032496754867262633,0.6870708313633643,0.305074088314796,0.0017889120169161765,0.002895995921609156,0.0013326141845078777,0.0015125906501339003,disgust
0.11242072293437626,0.0080666535325948,0.008160721299751528,0.17060926123958353,0.5622594228081574,0.04801875048740485,0.09046446769813157,neutral
0.07229337818267939,0.009216998026607791,0.006395000373373743,0.10507209652557997,0.6098728319706179,0.06094999660389678,0.1361996983172444,neutral
0.10323432683307805,0.009822040641680138,0.005050618370347713,0.21538753129252494,0.505591576514461,0.043095817339873,0.11781808900803524,neutral
0.09980660135988109,0.010150146381935891,0.009714556267114966,0.10247719833435522,0.5455799464262281,0.13093889001881306,0.1013326612116717,neutral
0.11951433492157118,0.006533456167119726,0.0064720276115734264,0.26399952052073244,0.4564709828198195,0.047660175428843675,0.09934950253034003,neutral
0.19633157780717753,0.002272096273983131,0.0032325732113673024,0.19488755211802977,0.3933423352680989,0.0464294037193355,0.16350446160200774,neutral
0.11621150216741188,0.021217275352629614,0.02106498816965098,0.1925830481900092,0.40903705027685694,0.1218138997232768,0.11807223612016454,neutral
0.04267237114280526,0.009354765132387591,0.020037980514080286,0.16765587630460127,0.6108424611640213,0.03789675008213317,0.1115397956599711,neutral
0.006147248134102836,0.18486481448745476,0.7257347566742782,0.01309036417366451,0.041014916535858204,0.01145699207416359,0.017690907920477804,fear
0.11046516693893285,0.005173367476855988,0.0031965828467986402,0.16859025095528107,0.488654526819764,0.09404983280700598,0.1298702721553614,neutral
0.004111717527779539,0.6031487319161937,0.31772935718104417,0.02252409307439577,0.03981596959104693,0.00555301865968633,0.007117112049853466,disgust
0.1474992073470335,0.0021869418828937277,0.0014731347943165627,0.13243037448613781,0.5350587304726924,0.05577843237704401,0.1255731786398821,neutral
0.04076161015770053,0.024052542660619264,0.021137708196180428,0.12906930376930362,0.5878286586501295,0.09073872918886236,0.10641144737720434,neutral
0.04514928144356634,0.007300565852908047,0.007400270707088087,0.08740019132788424,0.6937733774872693,0.050175374760159576,0.10880093842112457,neutral
0.07202290659676511,0.00931331800425409,0.006803842893303313,0.12363747729938349,0.5157922901875729,0.0824788705663006,0.1899512944524205,neutral
0.0938954601470856,0.00757234413173962,0.012049216561051495,0.1031318640737323,0.4230867694081166,0.1005829324254782,0.25968141325279626,neutral
0.19757243073751735,0.00894937739762934,0.020481535426457035,0.24035387597970267,0.2685760136736905,0.06582733144079739,0.19823943534420566,neutral
0.027429310980907826,0.011919885685243712,0.014145416661843555,0.08793696095863338,0.6362026601382982,0.13026622069863533,0.09209954487643798,neutral
0.19010799949042853,0.006296924122886259,0.005394035374969122,0.0895634665699858,0.6177451790407711,0.012655657685490072,0.07823673771546916,neutral
0.2035623464962784,0.0046033197104514674,0.0031518730562864845,0.2553845008889031,0.42654467681535013,0.02733898150274125,0.07941430152998917,neutral
0.04446952990986874,0.015039239120661482,0.010799917797172947,0.10004098809046127,0.5851286569071674,0.1217953450116511,0.12272632316301715,neutral
0.020724274639040627,0.001433393630222128,0.003879819088011167,0.20617978213155896,0.6349446572489262,0.048128381128074424,0.08470969213416635,neutral
0.09001260714999805,0.0033910439104964463,0.02333012778641851,0.20180763551783149,0.5326093143486761,0.0876099871305952,0.06123928415598423,neutral
0.06309779679631304,0.00791610769736449,0.008997139844299732,0.1768025454183568,0.5627694228685567,0.05239952332290994,0.12801746405219924,neutral
0.07579027299879855,0.005332660479641054,0.003658859310402212,0.23280427637796838,0.5082066707954845,0.03732799361173757,0.13687926642596765,neutral
0.15694975605443284,0.00362056470768469,0.003371215402149288,0.17338134067370567,0.441895024832971,0.044689461404817415,0.176092636924239,neutral
0.1710190742748219,0.008604347348797477,0.003231967351595972,0.13025965560110642,0.5046539414521908,0.04973039901046374,0.13250061496102367,neutral
0.08064456679739372,0.00728192502930638,0.004839480924227704,0.16441633270368589,0.5857883007254467,0.055583105647158355,0.10144628817278134,neutral
0.11202440684384384,0.009975477857730466,0.011933118045696009,0.227804890899472,0.44979157103504636,0.049349823144379065,0.13912071217383215,neutral
0.08742749983806823,0.012376381874684428,0.007940629002788382,0.14738909032619998,0.5614460903641197,0.0467405668120525,0.13667974178208675,neutral
0.049506561245425365,0.03066859074638145,0.06998870395764713,0.10195217888925785,0.5147217768867568,0.09480092311905206,0.1383612651554794,neutral
0.13023250194542987,0.004810535257893969,0.005812618026133615,0.21291656090888342,0.456592262178311,0.023010506058043976,0.1666250156253043,neutral
0.06594533065736904,0.007031749059652582,0.006824761080729202,0.13928158110821326,0.6184450208256174,0.0637185649760796,0.09875299229233885,neutral
0.11377184024342145,0.006736702606356247,0.005438627396277711,0.23266711151213285,0.46019953267296043,0.047097270547208615,0.13408891502164258,neutral
0.0029903257315147735,0.3699068275835946,0.5853177487325246,0.007738251080892258,0.023130486633203825,0.004308189136362328,0.006608171101907674,fear
0.6129534338671382,0.011958812843261765,0.009860204045807364,0.12825336043073712,0.17288849144053173,0.021571198495104957,0.042514498877418976,anger
0.10911287957378846,0.004826203862567666,0.005270103334972299,0.08660517215046735,0.6710444406285072,0.05246857655554733,0.07067262389414972,neutral
0.12650087632071608,0.00694775305092072,0.01488281017088808,0.1853224396540909,0.40282442914690164,0.11740731117724228,0.14611438047924033,neutral
0.08154343285020485,0.00575140823482752,0.00979836711047553,0.14716941890222665,0.6064020091298385,0.03293611519132227,0.11639924858110466,neutral
0.14744786214739994,0.009344912400859424,0.00757517760176326,0.18213183884610615,0.5396104016586832,0.03214073240399215,0.08174907494119586,neutral
0.1031310475582269,0.011146285605447368,0.019275115672091,0.20709002239254715,0.4410471246212734,0.09762997284891234,0.12068043130150176,neutral
0.12112411469418223,0.02134883352157546,0.008596801153336735,0.07620407916944123,0.5251816210890279,0.11898493399084811,0.12855961638158836,neutral
0.08440366130261688,0.006616938910914325,0.0068809681593754515,0.2292244313037721,0.5029047037537461,0.04447494630585362,0.1254943502637215,neutral
0.06119482575562584,0.014767025099261201,0.021748474861827703,0.12595622689442518,0.663269101422923,0.05127147491929502,0.061792871046642175,neutral
0.0598764466907095,0.005214628383876258,0.00945472158853464,0.19259185088693323,0.5386367771612042,0.08444075335142445,0.10978482193731784,neutral
0.11620649905510479,0.008942303316038508,0.008817125931988627,0.22343108224461258,0.4044033465327055,0.07256354173921946,0.16563610118033062,neutral
0.0235850397167955,0.01369560686882398,0.010556396828974862,0.13552096229640406,0.705247410380476,0.05737165080344293,0.05402293310508283,neutral
0.13855880932016687,0.006058315911601624,0.002413594821280375,0.12944141745427998,0.5432685764192894,0.05206194314784783,0.12819734292553395,neutral
0.023340333723040216,0.010845155174945869,0.02429894938315961,0.14849636456289783,0.6769556474105908,0.04069997946708361,0.07536357027828208,neutral
0.11260975655154054,0.02275647246383647,0.015469883185497328,0.124752799918388,0.3969871090940063,0.10953948310268324,0.21788449568404814,neutral
3.0164823308847016e-07,0.006777528380900546,0.8626197560486293,9.386366385142777e-06,0.0006833412125445296,0.12531506558555303,0.004594620757754408,fear
0.041349153159800575,0.006602388555700441,0.013640612077329133,0.17365397893344628,0.45956290742669653,0.21020325915951138,0.09498770068751564,neutral
0.037229415666203684,0.004917713354862012,0.005287571732813982,0.13049215027071162,0.599471930153929,0.09607423070677942,0.1265269881147003,neutral
0.036802482279464796,0.000951299332793995,0.0027655631771335175,0.30280044853169397,0.5049283697593204,0.09312499812051388,0.05862683879907953,neutral
0.08635494901456489,0.009370151991327005,0.01285332336331003,0.1864916945021224,0.5137877772295351,0.05946867001631159,0.13167343388282898,neutral
0.044447155713096105,0.043518364840608656,0.03285889226556067,0.15366992706837912,0.5614152451297723,0.04312116079534904,0.12096925418723402,neutral
0.07461706741441658,0.004564503163698103,0.00659328739257533,0.17942757830683356,0.5891942250656781,0.06268950412173763,0.08291383453506077,neutral
0.13302165721846224,0.004545954032396427,0.004897076623592402,0.24155355217801233,0.4383284122219347,0.03565088522823907,0.1420024624973628,neutral
0.044390359500725084,0.010042794593616275,0.007005539429777334,0.22351925258554703,0.5868448524407732,0.03937987656188177,0.08881732488767921,neutral
0.13494611116297242,0.005198835041577871,0.007714429311001657,0.2149990759056386,0.47473243550013433,0.05058932397796305,0.11181978910071211,neutral
0.09743440978663744,0.012095629339128331,0.007963486989257959,0.12255108111742681,0.4454845590422978,0.13823692148450217,0.17623391224074952,neutral
0.07254921871469382,0.009620045784582051,0.009073699562398237,0.18181220139157225,0.5465503677116711,0.05195043627738541,0.12844403055769724,neutral
0.12098036468144001,0.006653979075693418,0.0028671279966983256,0.17722116924299813,0.49801603540106415,0.046689459438442216,0.14757186416366389,neutral
0.1442827694785817,0.01004536898759307,0.0069836809625567625,0.12969284737576753,0.5955671031830628,0.047460534573736814,0.06596769543870128,neutral
0.06308299657062619,0.01668980993183292,0.011923802106253864,0.18242939830480404,0.5373503282008276,0.07274254597675625,0.11578111890889911,neutral
0.0024049998532030678,0.5791794163237984,0.37941612294465216,0.006359295851060624,0.020212437966755356,0.002888576862471609,0.0095391501980588,disgust
0.07999666153299471,0.0012897173394018713,0.0036610442500516673,0.14783520364074312,0.5840245868456441,0.06702553804955001,0.1161672483416147,neutral
0.04134325507103152,0.0030902327281082495,0.004715234657788962,0.15932927161744453,0.6757614466367364,0.04384878852932423,0.07191177075956622,neutral
0.0001782420730226218,0.6880280594782342,0.24284823834308,0.01528272339299755,0.048030062919199534,0.005420435392545621,0.00021223840092035327,disgust
0.09486573878830619,0.00908896883104677,0.009232003071890881,0.10792527218571794,0.5579850088783319,0.07952257140333281,0.1413804368413734,neutral
0.047821597564497074,0.0015959648460703649,0.007452315152202416,0.30608973884529495,0.514130011312952,0.03355819960739571,0.08935217267158754,neutral
0.14968978761534832,0.011800661405912983,0.00407295488494365,0.15338166562514968,0.5368668180678015,0.06695366967832206,0.0772344427225219,neutral
0.03587015825885115,0.0027056455112197124,0.003924710927145079,0.34699149561893694,0.5106405117002311,0.006351007219487399,0.09351647076412858,neutral
0.0005691922109366759,0.2992539737848599,0.6791189202111969,0.0036357590153937576,0.00885620565182398,0.004308002645036067,0.004257946480752875,fear
0.03849729671455362,0.009021665388274687,0.003990937682660536,0.1613232480891512,0.6037663405780288,0.08716397247599529,0.09623653907133589,neutral
0.07470685408540612,0.009650628653842752,0.02195117266016634,0.1237274862919429,0.4431618347811631,0.09426855771097001,0.23253346581650883,neutral
0.030775017493591083,0.005114599570793892,0.011244487419695174,0.15310268315099174,0.6497563653289392,0.059695138589487065,0.0903117084465019,neutral
0.12390395128595506,0.002737295556961314,0.003175738314413401,0.23384007489559652,0.4455845054505039,0.04883756683833384,0.1419208676582361,neutral
0.16411515987322484,0.004322022341066772,0.0030422994600590118,0.22462175166456747,0.4663223618000654,0.07054169443665775,0.06703471042435866,neutral
0.18094503978384727,0.011918962581391987,0.0032228754942943377,0.2017483003019856,0.4148715793963874,0.044774812235265804,0.14251843020682753,neutral
0.5032921470762857,0.002753109092111099,0.0036272419521179555,0.15186475824886794,0.17731801478991957,0.03709639661450271,0.12404833222619521,anger
0.09066845422062371,0.02458120615001182,0.015725062529534064,0.14809425630657105,0.4920292621515676,0.06611359049172764,0.16278816814996414,neutral
0.1263151251954207,0.008377586747988067,0.009241272188699502,0.21211827528697655,0.426794701159612,0.04121237089539675,0.17594066852590645,neutral
0.06289712649827879,0.014957024308539905,0.019420086178905265,0.15418783222741914,0.4936499707920915,0.1323214087586281,0.12256655123613736,neutral
0.16911309989611542,0.028087634132624807,0.014694016831146515,0.11266040028019794,0.36268918514230253,0.05290952632164277,0.25984613739597,neutral
0.11368111784825789,0.012095007749391599,0.006096561542304269,0.12305116829451918,0.501219527056357,0.1153731051965601,0.1284835123126099,neutral
0.032623218087127336,0.0032163547647179463,0.0028289085531657114,0.18540186702303155,0.6854822276843985,0.023495487490015583,0.06695193639754331,neutral
0.0697697943538901,0.009264958883700474,0.011637590523773039,0.2596519462847956,0.5119181535120216,0.0414965599401624,0.09626099650165677,neutral
0.04857205165232482,0.011947939340096919,0.014786286398351958,0.1424423765471256,0.6655397665787922,0.028721815678921542,0.08798976380438693,neutral
0.07079347178350354,0.007760139324222222,0.008215770816135679,0.14438241902414486,0.6010627434207356,0.051071262668871506,0.11671419296238661,neutral
0.013417277573926861,0.0008593141087170047,0.001121016503585084,0.15801448454507974,0.7782781568110978,0.010040508839435195,0.03826924161815832,neutral
0.12401689426159306,0.017650666198042994,0.014357946980876113,0.2363037129418869,0.4629643916515657,0.03918323719851806,0.1055231507675172,neutral
0.14736282399015235,0.006586658939842023,0.007127363952372432,0.1967058529898485,0.45018402631260285,0.057854585375941674,0.13417868843924013,neutral
0.04086454447359499,0.002592675112973448,0.004376125646336806,0.18498444895493527,0.5967492621490209,0.08274522814077179,0.08768771552236689,neutral
0.03506350975460539,0.007287041028144618,0.011678392990657017,0.10191917572425555,0.6080827085298675,0.12791236923876123,0.10805680273370871,neutral
0.062431580942097935,0.0028513051216240023,0.008253324033470719,0.18977242900044583,0.6041907039290383,0.06020240068376345,0.07229825628955971,neutral
0.43006464115799714,0.0031925531549517622,0.005076403568782359,0.16547909328581292,0.23922008356841112,0.050597018641874804,0.10637020662216996,anger
0.15578222236444644,0.0037439645484604453,0.01604512889754682,0.2589192616411256,0.2875865856039479,0.12390100543112889,0.15402183151334387,neutral
0.12418070587516475,0.004774630090252185,0.003920395502782787,0.19802699175840494,0.5319448096292473,0.03963554693583774,0.09751692020831032,neutral
0.0416279002716943,0.006107770833889421,0.007307676436986291,0.11653208256909678,0.7022619891427411,0.051316307372540636,0.07484627337305136,neutral
0.002635853309268607,0.7136826337660069,0.2407212906397252,0.011929867660312484,0.022496103534274028,0.003932978668252154,0.0046012724221606086,disgust
0.1742592500103367,0.0029278539740749086,0.004508429536506215,0.19655469764454067,0.5208527060061673,0.05047385810547934,0.05042320472289497,neutral
0.09438840348850679,0.00685159401532079,0.007376217746118179,0.20375619125325872,0.48905437376161653,0.050965544610013076,0.14760767512516582,neutral
0.09395069500402459,0.004730670842123726,0.0029542798188271755,0.16454756847808316,0.5752564037637343,0.07116411678461548,0.08739626530859168,neutral
0.09486573878830619,0.00908896883104677,0.009232003071890881,0.10792527218571794,0.5579850088783319,0.07952257140333281,0.1413804368413734,neutral
0.03179709181997216,0.010730451268902033,0.01398735504808433,0.19701846628920724,0.5587295085980798,0.07081218913605945,0.11692493783969511,neutral
0.20208205416719874,0.010874919425914814,0.004024851823535478,0.12438583641054504,0.3851598423979517,0.04777749421308695,0.2256950015617674,neutral
0.0027652817122377406,0.07061132390673651,0.871039605225666,0.01208502331962503,0.030270754625421593,0.0036268957784733927,0.009601115431839601,fear
0.06591020163236858,0.0048225473116699676,0.02025108408478484,0.22510813843460664,0.4955068020368551,0.056237793375525064,0.13216343312418982,neutral
0.06743773771277872,0.01886986155155185,0.017962391367892686,0.16370261294871596,0.48978186408788177,0.08376081918336281,0.15848471314781631,neutral
0.09220538084395341,0.016539089108473033,0.012456400055673717,0.23759066920716487,0.4823404859193847,0.043276971993599145,0.11559100287175102,neutral
0.10836680440637984,0.018317019250404673,0.005029071852849067,0.15341837788520069,0.5762783316843344,0.04875097173994706,0.08983942318088414,neutral
0.05061034084024613,0.005614014918035644,0.007061732173952595,0.12313514462560132,0.5600074334003361,0.09341429893128342,0.1601570351105448,neutral
0.10643780939680705,0.009948266560209239,0.013460497465877259,0.17221041168297144,0.4480368009408043,0.11615454082371132,0.13375167312961944,neutral
0.08959145526211051,0.017040695991471833,0.01606379630421419,0.1859922650299241,0.4887357249481806,0.0691114603592211,0.13346460210487748,neutral
0.035409147647324994,0.022330863624992953,0.021302504867484272,0.24778235491558648,0.5129958617165012,0.04936464861543983,0.11081461861267024,neutral
0.06541343171029412,0.01618364448612445,0.01418714985929613,0.22846192730755996,0.4763265763640563,0.05240222050584026,0.1470250497668288,neutral
0.11307666302738383,0.008532986938015727,0.012873980524805217,0.2745484880714747,0.4397907458499441,0.0590649873265385,0.09211214826183792,neutral
0.2289880971285667,0.009698030815873223,0.004803399119892456,0.21798074780888227,0.3297179477433102,0.05493803060206259,0.1538737467814125,neutral
0.04015694883527145,0.00322252661804198,0.040416084649404854,0.2285164178556488,0.6104421447186149,0.04486438743429213,0.032381489888725745,neutral
0.09398206474237818,0.0033765121365713184,0.0033463921361785347,0.24037085124799046,0.4872661616097464,0.03893728909133538,0.13272072903579965,neutral
0.06779728493923827,0.0032306711226963436,0.008454234259430862,0.13807985426605104,0.5861187145574611,0.06992902662698115,0.12639021422814128,neutral
0.10390594178678461,0.004198262994019685,0.005951100183583137,0.17669801551212438,0.5535762998233292,0.04212752005276285,0.1135428596473961,neutral
0.3479816809684444,0.009545633373070492,0.0030165587337251305,0.12691319812529223,0.257288804297769,0.04196607558216772,0.21328804891953101,anger
0.11426473324648499,0.008640179179444174,0.0035324754693734227,0.15750042275040146,0.5000822299501612,0.0722183393430298,0.143761620061105,neutral
0.08443164420320919,0.003912550419824011,0.012200747408525087,0.1385023254786963,0.6342965524496876,0.052515820300697645,0.07414035973936012,neutral
0.057334489522306235,0.01967463335910664,0.01948669424258078,0.20537127347385178,0.48201742246710644,0.04653401108828944,0.1695814758467587,neutral
0.06676433475089774,0.005277179671920382,0.006207390398525904,0.2025481704677166,0.5467490753582909,0.0750643917315617,0.09738945762108676,neutral
0.13043888566692008,0.014139856325571805,0.00840413469100566,0.18507510206070324,0.4042844947161457,0.08660761859275887,0.17104990794689465,neutral
0.05151712796959138,0.0018187477004290512,0.008763571309125407,0.14700116433777002,0.7017719061349977,0.02991266745913232,0.05921481508895387,neutral
0.07322021309521937,0.01183049578530392,0.011599172269213757,0.16976761775021085,0.534714417665032,0.06404513317810608,0.13482295025691388,neutral
0.030759926340810168,0.004423258999126985,0.0024594399780012957,0.17906425625469394,0.6533702268772116,0.041551582492257856,0.08837130905789813,neutral
0.09599429219628935,0.009369053164386342,0.007099697513908613,0.23426258232291855,0.5038687931718167,0.07389771810088087,0.07550786352979957,neutral
0.11396924065143818,0.0031967707718652525,0.00786552907069167,0.2530374574029645,0.44948408283528307,0.07231784356196831,0.1001290757057889,neutral
0.13788383043815977,0.012800190656500805,0.008974332024531406,0.13588289462485584,0.5869111896419476,0.037530770915430396,0.08001679169857415,neutral
0.9998622072138795,0.00013694121874777314,8.386180230540932e-07,1.1408960107724204e-11,3.331025000103359e-18,3.857224454636865e-09,9.08071625105057e-09,anger
0.1368552762677482,0.0009421210745031479,0.006971075104315644,0.1129612766423569,0.45438868701423973,0.12782259990112732,0.16005896399570896,neutral
0.13908390286358313,0.00643121124660297,0.008547814112023948,0.18126921931404857,0.4568260504376897,0.07668040204155376,0.131161399984498,neutral
0.2511874001236329,0.0032699676576906957,0.0024157220943806595,0.1792718547377428,0.334385074263357,0.037094344447483225,0.19237563667571275,neutral
0.08066381620815427,0.005148128892123069,0.006182548599520996,0.15043958339846134,0.6478816400566758,0.03821709718731333,0.07146718565775123,neutral
0.11863948199884687,0.0033689109382199853,0.0036691957573163902,0.11073485933591729,0.5150875191446045,0.08508656938909864,0.16341346343599636,neutral
0.11739773544391327,0.004784290421780457,0.0018038246990137482,0.23735729271186795,0.46343091056763447,0.06991685776454788,0.10530908839124219,neutral
0.04076855742870652,0.007057372093340286,0.003410399407062828,0.16971082394583295,0.6784088634338307,0.029414013930930533,0.07122996976029625,neutral
0.030761875177932926,0.038772301735026986,0.03050462743879409,0.16753866370904813,0.5680204101025054,0.03890968820584892,0.12549243363084364,neutral
0.05442756033721393,0.018863198056623627,0.022279881947107127,0.14846861732339386,0.5671490913401283,0.06168870376828768,0.1271229472272455,neutral
0.0213510866793731,0.019317098723989654,0.010783991475470035,0.06956280631453442,0.7206292160545265,0.05143614174040486,0.1069196590117015,neutral
0.09230901282081079,0.009433638851898492,0.00904925463457834,0.22063311270488858,0.5569368945774631,0.03626799270769761,0.0753700937026632,neutral
0.181571890077639,0.011314889574489199,0.008330864772017207,0.1592443298472818,0.49207909945188555,0.03954861090982339,0.10791031536686371,neutral
0.07584367148534543,0.021334122494581165,0.030092453071742353,0.20688104425704784,0.5748083338527117,0.041072043014671406,0.04996833182390018,neutral
0.10848937693191854,0.007671533770537254,0.018466863989813034,0.1810841311440558,0.5110735121875534,0.039062256254806034,0.13415232572131597,neutral
0.07359288384254557,0.009480350379130576,0.011059860107752057,0.09408127693802693,0.5451338912876914,0.16966100740806403,0.09699073003678942,neutral
0.012703629139120926,0.023976486855760242,0.032600019887226335,0.15021470633780104,0.6743396234816191,0.04630796601813958,0.05985756828033264,neutral
0.014433204063892107,0.008136856844472335,0.012187507794365617,0.07944723108566316,0.6682711132683059,0.08657832142807217,0.13094576551522866,neutral
0.20472269162604084,0.005649177420848653,0.006299591364121806,0.3309321524171305,0.21071506355421105,0.03599482186194821,0.20568650175569914,joy
0.11236091218515003,0.01471716800184551,0.009990771013918385,0.3369972108552621,0.33450419665124337,0.07788147498931206,0.11354826630326866,joy
0.16597892414893034,0.002954078550772856,0.012044345435576193,0.24707225505379185,0.3076389534317964,0.14758863097149955,0.1167228124076327,neutral
0.22776406650524883,0.0011076743693214754,0.0014160581586286868,0.20156403093539133,0.2679147023934975,0.022313695754563944,0.2779197718833483,surprise
0.3342239780217847,0.00995543403483355,0.01096664799351293,0.16157259103950966,0.21195757476802177,0.16242080937281753,0.10890296476951995,anger
0.10482213707044147,0.005497762283220583,0.0055920651565946515,0.22837930866253292,0.510462228357512,0.039119725661766164,0.1061267728079321,neutral
0.27187387139606883,0.013240282497081448,0.0062598303425837306,0.15552047678736786,0.3251292405453189,0.07847799732332689,0.14949830110825235,neutral
0.1093803661862883,0.004154196111423009,0.011035368177607915,0.22934779527449609,0.46732346623332877,0.04529900095464983,0.13345980706220617,neutral
0.08223770684669438,0.010174175985750438,0.008784711476481476,0.24731470497069138,0.5086835742160307,0.03140777052122139,0.11139735598313029,neutral
0.03181217164507718,0.006391603828283248,0.007556583974531385,0.1652096870030316,0.6595736127771477,0.06302352474210353,0.06643281602982525,neutral
0.05356226865518156,0.01931263190512038,0.029967667526225965,0.18869766110753347,0.5257452154868487,0.0780110381941409,0.1047035171249489,neutral
0.1762951151448856,0.007470721908822867,0.005658933424120122,0.2347958681903668,0.4187736129325108,0.04446514514028864,0.1125406032590053,neutral
0.1298457148565611,0.0015787566005372575,0.0022328545810729183,0.26896111005217166,0.4534071321931215,0.044576548004809674,0.0993978837117257,neutral
0.09580190875544208,2.2493963347432814e-05,0.021755508372213433,0.011271150829967717,0.8340578847552088,0.005221040824775465,0.03187001249904521,neutral
0.0827691576426038,0.006313304559288557,0.006058251843785557,0.18967542309348112,0.5320097624465252,0.06080833580488256,0.12236576460943334,neutral
0.05747208816696661,0.009410756328693764,0.014335625366018859,0.14490169315790957,0.5893892717936718,0.08879272387883158,0.09569784130790776,neutral
0.20646435107339534,0.05271140031399928,0.012068404951549929,0.2032177177261085,0.3603624402394436,0.05214211166176526,0.11303357403373811,neutral
0.025843756336351806,0.002790169167323113,0.015085677817656419,0.19629322534672436,0.6402288917945747,0.03373200478241905,0.08602627475495056,neutral
0.07233491584135461,0.040643419769178554,0.03009588748543314,0.14315204402845016,0.4929948446537209,0.06797933875164443,0.15279954947021823,neutral
0.11083299668166305,0.027825935238940006,0.01580444614997782,0.19318485651420605,0.5124751705794761,0.056441910245747365,0.08343468458998973,neutral
0.05299455244907185,0.011124747377786801,0.009569127838696238,0.1381224942556106,0.6591713253857743,0.03416503752094051,0.09485271517211978,neutral
0.06077559017752029,0.003826420026042435,0.0033027874947458126,0.2357159558720541,0.5784975560784248,0.0402872202969276,0.077594470054285,neutral
0.07408574211622013,0.005754480171641795,0.003717281021093249,0.21515182792864285,0.5555451545427031,0.03379131302772739,0.11195420119197146,neutral
0.08192681332303267,0.0032252451733777656,0.0018961945027843841,0.2882656066688424,0.4841655349967815,0.0325394312863688,0.10798117404881248,neutral
0.17418373819025457,0.010208265257525431,0.0030154488853660244,0.18765246954765077,0.3927603295565488,0.05827470896317453,0.1739050395994798,neutral
0.05134179769009445,0.002983523060325274,0.05324349365917688,0.23135540637775265,0.5591779453106708,0.06906598445266532,0.03283184944931468,neutral
0.07750446707748385,0.0027600084573210027,0.012358013673759643,0.1737169109033144,0.560619494583114,0.04446207938002255,0.12857902592498452,neutral
0.056799492375980254,0.019438544000002216,0.055301608763114664,0.20667148835887458,0.5265572873305914,0.0469701832827043,0.08826139588873268,neutral
0.19130611071744885,0.009038392934203422,0.004205861737522767,0.2369507061751632,0.45721855987829735,0.046702017639136416,0.05457835091822795,neutral
0.18292571851012904,0.0009360996616410728,0.0034211652665584163,0.3001468872403538,0.33585921986647554,0.03933789922488798,0.13737301022995424,neutral
0.0832462440261331,0.0029073611233794514,0.0026770018462439773,0.18856733236139897,0.5520294239618375,0.04927235978025195,0.12130027690075491,neutral
0.09394598717018801,0.009691214624281899,0.009544444228098515,0.23476314043387356,0.5010815350609992,0.031060018730645678,0.11991365975191315,neutral
0.09298323310899011,0.006374497903013122,0.008832466872443491,0.17172468335921734,0.5815144112810616,0.07282026762596598,0.06575043984930841,neutral
0.09440090957089314,0.014056301460185097,0.010940179317449028,0.22090935568932416,0.44383047560774364,0.08742289997683828,0.1284398783775666,neutral
0.07539435715060847,0.005837191390191353,0.018107149816888508,0.30418891169761697,0.28114051614853797,0.0917019598269324,0.22362991396922435,joy
0.049483485439541425,0.004679127358478127,0.0032840147221705014,0.2073920595635091,0.6072229871428931,0.03543027949320416,0.09250804628020365,neutral
0.05250135052962402,0.002378811895695767,0.003491959090496739,0.24879205074184502,0.5278441467155063,0.04234796691551185,0.12264371411132037,neutral
0.12354230427031451,0.0016022289047724564,0.0032236368494681384,0.18844847447691132,0.5449287306287296,0.036048521453016624,0.10220610341678742,neutral
0.002437014850579542,0.2126039120104042,0.701113310131752,0.019837383079174507,0.04837685075798198,0.007056001633071331,0.008575527537036389,fear
0.00030216790788119464,0.42543968811769467,0.5637103758280351,0.002330418444859029,0.004959478115575634,0.0016351067162093597,0.001622764869745144,fear
0.19367554870392495,0.008051716716843151,0.013934613095539013,0.21121495339153135,0.3684788583910966,0.10732591537971659,0.09731839432134845,neutral
