m12_pred_1,m12_pred_2,m12_pred_3,m12_pred_4,m12_pred_5,m12_pred_6,m12_pred_7,m12_predictions
0.07348199506856831,0.005290900519165728,0.005793243233489349,0.10627906769794722,0.6294088268654404,0.08767872965605436,0.09206723695933448,neutral
0.09191465314526037,0.0009144869112443994,0.0077441538411120395,0.1928785536836719,0.5179488602461759,0.053623879071835065,0.1349754131007002,neutral
0.09561577914522641,0.00912270328744162,0.006183946351742562,0.17741256574196196,0.46406524328161314,0.03886319647325123,0.2087365657187631,neutral
0.04105747612807079,0.004172072409062169,0.010307202885213324,0.20080393799690005,0.6572993099954968,0.05025006385012319,0.03610993673513381,neutral
0.0026375964864588726,0.30707502179607793,0.6631582713088177,0.0041271004146413515,0.01038551579518922,0.009955720921651241,0.002660773277163752,fear
0.09384755327453725,0.002261736744451726,0.006018336359249487,0.17695537828686922,0.5401651250770587,0.08053951897033734,0.10021235128749624,neutral
0.04973344238647959,0.036709176085669704,0.027428279764833734,0.15717980588895678,0.5592079429123027,0.053627418003733156,0.11611393495802444,neutral
0.11773911236567787,0.0059887898989336085,0.0030778128956658614,0.1535964793259061,0.45386334681906054,0.07694262808158937,0.1887918306131667,neutral
0.08338344916210523,0.006238416462762059,0.014875202669983816,0.18885365525465755,0.4862730849502123,0.07789663869120414,0.14247955280907498,neutral
0.06244204475561759,0.0015126558130894717,0.004587811976597253,0.19077001281116343,0.5552385707560807,0.06822179936512524,0.11722710452232622,neutral
0.0415250336425203,0.002969809775650562,0.0037822398905032984,0.11215265596552434,0.6347301340011882,0.09396339467627232,0.11087673204834113,neutral
0.17002733550885,0.04664494311266538,0.026418744069692007,0.12315366838267425,0.3788094871324274,0.13633331167373283,0.11861251011995813,neutral
0.1235910972135088,0.011111433398789599,0.012811066693206712,0.20593598831285412,0.48806889467818865,0.033766711119699894,0.12471480858375233,neutral
0.03889148663518809,0.004750731414487505,0.011321243507917675,0.17255822017447503,0.607449804507471,0.0659020528953024,0.09912646086515835,neutral
0.007032100414541806,0.008757477631890762,0.012499835715029262,0.10561883382476837,0.7778627734206736,0.022565825850586016,0.06566315314251035,neutral
0.059917924581091256,0.0035375589588858233,0.0014784388300445991,0.3160081891437426,0.5294489617779783,0.011692305585470955,0.07791662112278636,neutral
0.15356545387226436,0.0017091100366567126,0.0023895991978717507,0.17863261254348026,0.5078716066995929,0.0405287257295166,0.11530289192061743,neutral
0.08069468729634423,0.0010832963951206956,0.0027280845050660844,0.2109080212417806,0.5947491187036187,0.024526991180734904,0.08530980067733471,neutral
0.24492444356547524,0.004275981856404195,0.010232993656721603,0.16403496051976996,0.3662711096572027,0.06689018031179508,0.14337033043263103,neutral
0.18973083943862745,0.006171759132575021,0.005488209002007979,0.2382499007255215,0.37729316529739154,0.04448257772679354,0.13858354867708295,neutral
0.099833365487973,0.005786527294081387,0.005803166189797961,0.19146648884750794,0.5315849069740326,0.054577510770155456,0.11094803443645167,neutral
0.01936530552482376,0.000434930200493872,0.002856072256288112,0.19662491721737171,0.6165499047819082,0.07490479380162164,0.08926407621749274,neutral
0.021722212595960185,0.012606798877035258,0.027372569529606972,0.11568712010938441,0.6116704490468874,0.10108110598963997,0.10985974385148592,neutral
0.050736757452097915,0.010391367871318648,0.022902712247587248,0.17209184168775502,0.5500946127084545,0.07578593741352686,0.11799677061925973,neutral
0.14499276835331706,0.0005594368922169672,0.004089846315314242,0.20473941682708652,0.5182322857616263,0.02423893621549461,0.10314730963494427,neutral
0.14419513126181754,0.004639795232950726,0.00734168976496198,0.22168326897856416,0.44371784581242546,0.039011358323903456,0.13941091062537667,neutral
0.1266192558876401,0.00633884891616096,0.01305062039842181,0.20390988482205497,0.4707758001365448,0.06515235287206599,0.11415323696711142,neutral
0.05729770634249889,0.0016149455077636493,0.004356938427793069,0.19436254935920402,0.4974155883445265,0.05677865959269742,0.1881736124255166,neutral
0.12140081026693919,0.012743517698154879,0.011235183957650382,0.20822378745592446,0.49581304861445663,0.03502940918278594,0.11555424282408856,neutral
0.14362705545260065,0.003002461085126412,0.006706155636809703,0.16450749973218629,0.5309372365631403,0.0636558909223948,0.08756370060774178,neutral
0.25799098238367885,0.0013002834989673685,0.009418932051967623,0.2233784310921221,0.26601801840565464,0.05886093261261101,0.1830324199549985,neutral
0.17886893627030306,0.0033866830902419998,0.005571356627471271,0.17989265109786634,0.49151955228936084,0.04092089327807749,0.09983992734667894,neutral
0.24328730881314375,0.005612710834504646,0.01189082988621857,0.16447439348361842,0.41740809343896845,0.08130571726191599,0.07602094628163016,neutral
0.3761070363356801,0.45575948628772744,0.11217512319600026,0.011208479664017118,0.008489931110113029,0.020836381246094566,0.015423562160367605,disgust
0.23631201112021286,0.005178994895516578,0.006142917190387896,0.1731412085207118,0.3762139921701738,0.07400114099973655,0.12900973510326041,neutral
0.0910074622907913,0.011019738197061398,0.03695930547253877,0.15720432023700662,0.4793053041781457,0.101627685457305,0.12287618416715124,neutral
0.022636472049967903,0.004119691824425862,0.007905634047606063,0.15620880011700075,0.6741099968482115,0.04019980375807707,0.09481960135471086,neutral
0.04736687507809683,0.020222849843047227,0.011651030244867931,0.12282800010145742,0.581300671283817,0.10330995428941549,0.11332061915929816,neutral
0.06677879785802035,0.001991827466885921,0.004849660836028892,0.18176119361630846,0.5055800242100448,0.08443539716988727,0.15460309884282433,neutral
0.29603520458690313,0.002249556005387023,0.002467231554004382,0.21812592737806918,0.28515427085795786,0.02049024631760937,0.17547756330006892,anger
0.13282922765051203,0.004084970797749645,0.002840624222570783,0.194407166333054,0.5219638752921408,0.03111542616154112,0.11275870954243147,neutral
0.0546828436977384,0.0002073039847754903,0.015822979560118067,0.24756379103466614,0.5746418649894118,0.06650537818088557,0.04057583855240445,neutral
0.14943708805562783,0.006121119586967014,0.011787824060756976,0.2447572440034998,0.4514089508248536,0.026880167404125764,0.10960760606416911,neutral
0.0009868481521737445,0.5196680348367698,0.46257976461258893,0.0031756063386934935,0.00668570382112865,0.003212423878168059,0.003691618360477229,disgust
0.0977803793805145,0.001821537749808631,0.0032607951426005108,0.20117359926857975,0.5121193533774059,0.029048285190582928,0.1547960498905078,neutral
0.14881614379552519,0.005316280924339901,0.004771102888545805,0.19739837013303535,0.44290101631030954,0.03890057828302105,0.16189650766522323,neutral
0.141995354437898,0.0030614465542488246,0.004888191897491985,0.16433492791925458,0.462194955199443,0.05951825032894954,0.16400687366271396,neutral
0.022366615347698154,0.0012074794597576907,0.006614972859503219,0.32255238829176824,0.5871179433795471,0.022642804393437743,0.037497796268287864,neutral
0.003003113317596497,0.21195804823997677,0.7620686160852588,0.00652355898247117,0.0076361206092040185,0.005142946607304485,0.003667596158188299,fear
0.08733573379745771,0.008253989543955367,0.008101722426073132,0.14310216946473114,0.6255054834483952,0.02279754462851842,0.10490335669086903,neutral
0.2558407251914816,0.0014871389530100305,0.0014122330070159526,0.21973097369825617,0.3848838676186406,0.013955473566440028,0.12268958796515571,neutral
7.484486742669515e-05,0.5134678997981925,0.4848910844836054,0.0010621598461886348,0.0002264275245027099,0.00013860859226474267,0.00013897488781932426,disgust
0.07924361742924595,0.006153693462812695,0.012628046160387816,0.2283090684385689,0.48228840045881805,0.0553756869638539,0.13600148708631254,neutral
0.05896526387386483,0.007975264728593699,0.013262966825284472,0.23421138186996196,0.5916406618058367,0.0371071893382043,0.056837271558254,neutral
0.0866090789620406,0.00443749293392552,0.0037745524530333257,0.1615427031165181,0.5329318477390315,0.0970310410670446,0.11367328372840634,neutral
0.14677415287618123,0.008359625206911563,0.013493995135793427,0.20312911001092931,0.4893143635939865,0.030450426877843457,0.1084783262983545,neutral
0.15907164018197212,0.006724067902391135,0.016949237411138813,0.1318061971782434,0.48266551914774725,0.08778687735948665,0.11499646081902065,neutral
0.06593830053419013,0.01836054135691146,0.01457297721632339,0.18677100635394886,0.5151269459353518,0.03933994534492456,0.15989028325834984,neutral
0.09884324779775594,0.007552004082884263,0.006154268277497326,0.16569280359998945,0.4849414765200014,0.0879342187294407,0.1488819809924309,neutral
0.021677622311064477,0.0014044674472411054,0.0036654313147998006,0.2077995850458581,0.6801367446095761,0.026873950112043854,0.05844219915941653,neutral
0.2874746185088916,0.010046334764415894,0.008349353404900405,0.23798686450367704,0.2093297152237456,0.0600257758163311,0.1867873377780383,anger
0.07651178857135642,0.0709441416337608,0.01129180510461202,0.14811778785914112,0.40956986776441295,0.14781617749151363,0.13574843157520305,neutral
0.16213782640649815,0.012499280072630344,0.05352715890244743,0.20372164748561308,0.39833943944017053,0.08083780414417263,0.08893684354846759,neutral
0.11029546866596236,0.005107848481923707,0.003970337959781699,0.21699155423093064,0.5156586125377358,0.024063594126929603,0.12391258399673605,neutral
0.08193643344577987,0.006948393231735611,0.008911286470381875,0.18860072663881294,0.5414144071031155,0.03700976208880424,0.13517899102136996,neutral
0.22578787409634335,0.004089951098162055,0.01186134918029598,0.10915830909502551,0.3050815066387481,0.18511247574587092,0.15890853414555406,neutral
0.1041079532820271,0.0012400160433535404,0.0012332076915102155,0.20053946768294428,0.586564956775467,0.022112443208065942,0.08420195531663188,neutral
0.14267574660014784,0.0014852111450197015,0.007536355055100612,0.22527700619347127,0.4335940029106636,0.08170624890759674,0.10772542918800043,neutral
0.05973195933116651,0.017570896928740563,0.007703894771462616,0.15387349602096947,0.5951583948858541,0.04131899912289761,0.1246423589389091,neutral
0.08016792793215818,0.0010957314962481298,0.004622349649615564,0.20386194235818628,0.5875280449430773,0.041425006123099364,0.0812989974976152,neutral
0.13614262314719094,0.0010871230242134472,0.003909293637411918,0.24602127041562608,0.4575916338921808,0.043405579475832685,0.11184247640754415,neutral
0.12423776708815333,0.0019335922306587517,0.003316394153526543,0.2505692514859297,0.45933127611141816,0.056034665852496314,0.1045770530778172,neutral
0.05323421709496106,0.006889214256498585,0.008796649409274633,0.20270240551171873,0.5434800517918643,0.0789358856199693,0.1059615763157134,neutral
1.971139208031257e-14,0.5954660660290999,0.4045339308071464,3.959877552376753e-12,2.0160401194341914e-11,3.1028872378990633e-09,3.67266605435154e-11,disgust
0.14701888167838315,0.0018312216201598305,0.0034959937190502896,0.21047818163609325,0.5383901785789292,0.02715066349316769,0.07163487927421662,neutral
0.05076466885002669,0.005715659068717304,0.010584023618656607,0.1410882760582507,0.5926841063962516,0.06489237227387248,0.1342708937342246,neutral
0.12403415159401482,0.006886859073073162,0.006431474274974006,0.22291684061981273,0.4631168140011801,0.042184136616964574,0.13442972381998064,neutral
0.08396325668604836,0.01570260489170095,0.01326961402620935,0.11761934840157375,0.5329664068073852,0.13020483216313325,0.10627393702394927,neutral
0.12211893441171734,0.00433602564198466,0.005447362768317592,0.28283534194521714,0.4218095228033352,0.04522182896267313,0.11823098346675505,neutral
0.20287936710380552,0.003187980312165198,0.004092050291885244,0.1790569236585422,0.42041925362737664,0.0700099456999863,0.1203544793062388,neutral
0.11371314695325244,0.01244529417134822,0.02340333446120026,0.15128613015746528,0.4286504394275464,0.1526617873754148,0.1178398674537726,neutral
0.03913951497506373,0.006121837766941429,0.015502187310513857,0.19359716538587796,0.5814180333900315,0.04268122849172663,0.12154003267984484,neutral
0.002939521526945397,0.2731506759277745,0.6599578626487913,0.010226886724349947,0.02840770296338308,0.014675776080297045,0.010641574128458807,fear
0.13316782880813352,0.005394246684842598,0.008208986499857306,0.16591653390331812,0.5055256211894479,0.07142869270773963,0.11035809020666107,neutral
0.0015081074173721933,0.7005299542965155,0.26180918749221854,0.005957995385494201,0.024718808186818358,0.002500321753001604,0.0029756254685796204,disgust
0.16016372594983477,0.0014071075891359,0.0023368888421085796,0.16788953346587676,0.4907604851290251,0.06097329086891129,0.11646896815510764,neutral
0.04533018524995606,0.021853423511546496,0.015195426452963972,0.14118153043994539,0.6135502259113521,0.07130028224345317,0.09158892619078272,neutral
0.045274348646511434,0.005720873213648778,0.005211918278719593,0.16368539527331594,0.6008490980614999,0.048089627328923364,0.13116873919738084,neutral
0.09484192504100661,0.025248556116406178,0.00621127057884066,0.1437479408992836,0.49403960463569446,0.0733860731563578,0.16252462957241076,neutral
0.05788823794923485,0.0037565411932639265,0.009012444195677642,0.11218327574023518,0.5285600691212684,0.09264386503733893,0.1959555667629811,neutral
0.22477545991091452,0.005518652097238293,0.01307035033952997,0.21668201239669524,0.2082581704845864,0.07711050581126437,0.2545848489597712,surprise
0.02035044466135459,0.01257890467900162,0.011165858717335558,0.09427088536455472,0.6437249589114922,0.12966376844574984,0.08824517922051141,neutral
0.08582432646613697,0.004342063398902338,0.022037507667604764,0.25413666313293337,0.5241559611337839,0.0402564485779801,0.06924702962265845,neutral
0.3648769420746161,0.002355038669854946,0.005113974736747911,0.16127465839714097,0.3393221583565758,0.04145160835646141,0.08560561940860281,anger
0.03063966542990893,0.010674364557774815,0.010101196389812866,0.11869593561692378,0.5540615138664503,0.15506428441065667,0.12076303972847265,neutral
0.030064076377386534,0.004517129081927665,0.004295827842191955,0.1996074406465304,0.5879664880639921,0.05802272379002001,0.11552631419795123,neutral
0.11584230785703471,0.0015737273868014574,0.00901178581904809,0.2254485021965027,0.49830426211017664,0.09206542575819968,0.057753988872236726,neutral
0.07276187050128585,0.004169943371515752,0.01190370620638353,0.1899568307253453,0.5401601403648998,0.055864124386597463,0.1251833844439723,neutral
0.09042152996840523,0.0030632480973051823,0.0036719028458552217,0.25154124458476396,0.5071063107957147,0.032957326840987386,0.11123843686696844,neutral
0.13312284230687108,0.001884345060899547,0.003417766957251465,0.16444779711052562,0.48298625589979444,0.03787644402949749,0.17626454863516022,neutral
0.22048071248826667,0.004812465102432771,0.0032127314307325992,0.15575910411611998,0.4243296090322966,0.05182461120751786,0.1395807666226335,neutral
0.07126095441403063,0.009434278857198107,0.0046981987394388,0.1670028743236283,0.5343587591317301,0.07894282219045051,0.13430211234352357,neutral
0.12298483543024702,0.0050283443631110765,0.008832054751980114,0.19118888046548266,0.5069747720215911,0.03898046801612449,0.12601064495146355,neutral
0.0899179372820338,0.005271791901763085,0.005535541810087815,0.15028828198723138,0.5968584503148174,0.02516667781931762,0.1269613188847488,neutral
0.027151545506828044,0.04058594957335772,0.041947093538408864,0.08693364342724635,0.5410121936477402,0.11830073242472285,0.1440688418816959,neutral
0.189651882899475,0.0010722835743139961,0.005138318456759825,0.22382530529664313,0.43361556442277044,0.06410427282259872,0.08259237252743902,neutral
0.05095989832235547,0.004424686494310829,0.006256431805798913,0.15244270599614776,0.6156191247115622,0.06572841402683494,0.10456873864298992,neutral
0.10674390781014385,0.006042940811716289,0.004225399995820433,0.2026290287714315,0.4986193582660398,0.04677316581717822,0.1349661985276699,neutral
0.0005666701406334966,0.3773157765757471,0.5986013430605321,0.0023080854192650147,0.012018865593118926,0.005164937410518711,0.004024321800184314,fear
0.5643242319835963,0.007944734836065944,0.02145675316791051,0.13250999582379944,0.179845346762094,0.021341526989738957,0.0725774104367948,anger
0.09606848807465389,0.007817981357966056,0.009128648671450143,0.10963504747834892,0.652897708414876,0.04636490895154954,0.07808721705115546,neutral
0.11667815956876897,0.008906486966613,0.04654690466244882,0.19032309708647735,0.39417705604200565,0.11457015063505693,0.12879814503862935,neutral
0.08513168411792897,0.004459460749005839,0.0056078891005714145,0.15502821742889145,0.5592151154305695,0.04210079489859879,0.1484568382744342,neutral
0.21576505934060697,0.023034123109077296,0.0068133940582277225,0.17208007281325977,0.4546992098894866,0.031192515272163275,0.09641562551717837,neutral
0.08046953075881433,0.008138276605116426,0.0182252064786083,0.1563629811714557,0.5448701493126996,0.07748287508209681,0.11445098059120887,neutral
0.06394273560997885,0.019483787085844265,0.013696013307189187,0.08492062016375837,0.611081700594553,0.0957904657136889,0.11108467752498725,neutral
0.1039373709414293,0.002812313050445353,0.004542306790232044,0.22543264544284153,0.4854460812533811,0.04605611615041177,0.13177316637125872,neutral
0.11045675591006306,0.006083951916831517,0.03809582241398924,0.25628257663301174,0.4142564102404717,0.06261917988590815,0.11220530299972467,neutral
0.06463202845509906,0.0075316555303691505,0.00970711728473754,0.1670221472167095,0.5658669219691117,0.07616370989721599,0.10907641964675707,neutral
0.1404302216223906,0.008726364744280917,0.008059022361183192,0.172994368715052,0.47377458773001924,0.04947171084611257,0.1465437239809614,neutral
0.010795595753685239,0.007221990222411919,0.0076202258394208475,0.1333217152321826,0.7363823822506513,0.04836238224423887,0.056295708457409194,neutral
0.16006135442254382,0.002833256433417525,0.0015732469766662552,0.1831422212795769,0.5002883371900458,0.034037087779339524,0.11806449591841012,neutral
0.09328237985679955,0.008104052334688952,0.022257069964905913,0.24882307620768987,0.4437497174598421,0.05355034575237556,0.130233358423698,neutral
0.10369710361856306,0.03795389047418267,0.026348888224458435,0.13657258272732684,0.37100177888761504,0.11815694648822572,0.20626880957962831,neutral
0.005276146945723493,0.5857238369723726,0.3552606985931417,0.009941488188846305,0.014980790361927543,0.012372530287287117,0.01644450865070117,disgust
0.02725864436450435,0.00416656664842118,0.03881036130147006,0.2160440866728618,0.564582822743281,0.09292639134157084,0.056211126927890716,neutral
0.04171610510583868,0.00890035442767638,0.006644588493355351,0.12777031022722976,0.55887881820397,0.10868938082021148,0.14740044272171834,neutral
0.11181105581957766,0.0014361172580190352,0.001555133986388968,0.26724122069706785,0.5066357645033869,0.03729776905977368,0.07402293867578595,neutral
0.10367840137515054,0.004261040106061659,0.008751306227886894,0.21050779632246092,0.45986531127521535,0.06081928212749209,0.15211686256573248,neutral
0.04237618478013963,0.05162396291863531,0.055132109925684784,0.14270917608108663,0.5546371385121137,0.0423600337787921,0.1111613940035478,neutral
0.07079325489012238,0.0015260244077079919,0.0028056865413750545,0.2097086583449368,0.547891051605006,0.05335051405438951,0.11392481015646241,neutral
0.12885841317524352,0.0013735953736334796,0.0035456745412081195,0.20572902687964797,0.4470585782713485,0.04796554577283425,0.16546916598608408,neutral
0.03639668583327433,0.008399681615939838,0.00819729074192096,0.20619006856532804,0.5952987685557038,0.043788072113368805,0.1017294325744643,neutral
0.09197091162087102,0.0028699117838132905,0.009647666024204185,0.22392388360441615,0.4895030963693587,0.0632861763246679,0.11879835427266872,neutral
0.08942180769469386,0.00984911135964169,0.009087130529605017,0.1196534194185829,0.4808455138509855,0.1261095541470524,0.1650334629994385,neutral
0.08145597651012013,0.0038438914373244704,0.008702367253943905,0.19185591899924617,0.5464770627530245,0.04503779734859759,0.12262698569774334,neutral
0.16989067583763198,0.0018552078351557894,0.003949595680249128,0.20001130785688984,0.4342808585093794,0.051712061284536065,0.13830029299615776,neutral
0.1352987788948728,0.026058230610132974,0.015318300935335493,0.17261478081799878,0.5121762809699412,0.05643837470796299,0.0820952530637558,neutral
0.03852373141742726,0.0029348073333378163,0.00542371160128415,0.12841130315041893,0.582697617696769,0.09422383999082701,0.14778498880993582,neutral
0.0002725974483299143,0.5007237669400871,0.4749299568627294,0.001928016097334206,0.011985554194864181,0.00407972423284889,0.006080384223806372,disgust
0.09244344475560799,0.000996883326117159,0.003824199147345523,0.1963786663974258,0.49164334889114714,0.07277188515659042,0.14194157232576593,neutral
0.05239388850161359,0.002056860174877622,0.005765935860684943,0.20298498721290212,0.573686156741223,0.06288038841166192,0.10023178309703673,neutral
2.2567224082784583e-07,0.012897434801558718,0.9870480276504761,1.1522065947332457e-05,1.5074680710719705e-05,2.2945056350031495e-05,4.770072716175479e-06,fear
0.10217210221717013,0.008178182515984688,0.01092537380938375,0.11243317508030173,0.497155284956344,0.104542123249107,0.16459375817170876,neutral
0.06820160351528008,0.0005774122446747847,0.004506919324513135,0.23282036458976968,0.5491582143207074,0.032574741394792724,0.1121607446102623,neutral
0.1153609166622653,0.0025792642139498266,0.0022165610335104064,0.16947727655368236,0.6016774164643353,0.04100281293042564,0.06768575214183123,neutral
0.02216726827604658,0.0007279774737684961,0.025886369949218845,0.27326221008996476,0.5877988115105913,0.02611857053674451,0.0640387921636656,neutral
3.874757354807491e-08,0.2741290086546051,0.7257886352225337,1.3961453079279983e-06,1.2939805667097818e-05,6.355276542491225e-05,4.428658887587225e-06,fear
0.11518284260127477,0.008251258963418153,0.004294142892543308,0.14521876976545575,0.531411456428116,0.07323717062920677,0.1224043587199851,neutral
0.051451890972556195,0.01247015511912932,0.015058203113631935,0.12390950543331532,0.542623490635144,0.07102476940609638,0.18346198532012678,neutral
0.029181401948315363,0.0016344255134867459,0.0063344872702187785,0.18021422160361278,0.6001319402699341,0.06554023052988163,0.1169632928645505,neutral
0.14709646989936212,0.0008799451737019105,0.004155105407024717,0.23765877670750876,0.45502735934728095,0.03567010834235069,0.11951223512277093,neutral
0.17280387026221244,0.000676867088967326,0.002346712402357661,0.23944607694861642,0.49199314969201086,0.03946757278178459,0.05326575082405064,neutral
0.19528242936174475,0.008079434996749929,0.0032893101867946957,0.18675185298908104,0.4215829616680227,0.02519365913867661,0.15982035165893038,neutral
0.47835711346290516,0.0018036276553956888,0.003868828683114992,0.16533071189125015,0.20737453928888455,0.04043796760297281,0.10282721141547659,anger
0.08083448187680022,0.03313786890912945,0.021726748650811666,0.1473047605948405,0.4850630012311577,0.059629528309471685,0.1723036104277888,neutral
0.11264621536978368,0.0104381010038335,0.005959330219109282,0.2672998291709787,0.42391152563566525,0.02699037155679962,0.15275462704382994,neutral
0.08017672657246594,0.02878491097020253,0.019907956297569192,0.14879854984716717,0.4998759264304041,0.1032138408700199,0.11924208901217102,neutral
0.2249831751813267,0.02410196498308842,0.010310749456420224,0.17102672554811613,0.36797019090897387,0.02807672355699757,0.17353047036507704,neutral
0.1860259004529357,0.016664148377827977,0.00823248132264735,0.12644836039917773,0.45216442573432364,0.1136254083914057,0.09683927532168199,neutral
0.0245334876712257,0.0010657663390865764,0.0019399248157020669,0.23206646456123814,0.6542630437857793,0.027994956061328735,0.05813635676563948,neutral
0.06584818625204421,0.012035050918701072,0.010243410907868013,0.254119520994908,0.5489499763292438,0.028393881926258118,0.08040997267097685,neutral
0.041081987612971424,0.01430262963217639,0.017687087713633694,0.1662938139637464,0.6184093446803516,0.03343510708829014,0.1087900293088305,neutral
0.05495757217586629,0.006384143200744986,0.01062852000168242,0.16487510229190303,0.5917623398027957,0.05109097131820402,0.12030135120880363,neutral
0.030061139074966305,0.001204992778246903,0.0029117665775576286,0.16619815683764197,0.7022777194487948,0.03089156290211379,0.06645466238067867,neutral
0.07179876027135036,0.006488863633852425,0.017632484107305987,0.22203367224984735,0.4966370180264026,0.05577368771958199,0.12963551399165932,neutral
0.10457324990911598,0.00291979686470266,0.009607013652593156,0.20169236545488456,0.47668185074624364,0.06014553453528979,0.14438018883717033,neutral
0.06639234530719447,0.0028929162421509865,0.0024498106606324903,0.17384311355517737,0.5894810244180152,0.09160394533337736,0.07333684448345217,neutral
0.026258074574941965,0.008479248967278887,0.004805643066610165,0.08532360644908839,0.6848443471382968,0.08051414177694978,0.10977493802683397,neutral
0.056574929061510154,0.0020579419265869003,0.006565891743505195,0.19469126945233237,0.5926125977014128,0.0733514114123363,0.07414595870231626,neutral
0.39956795832013864,0.0012194006529002304,0.003609696699817834,0.17758234302225828,0.22480217219157264,0.05489337214059763,0.13832505697271494,anger
0.07132749782180811,0.002990314775080312,0.014406199644173593,0.17133090406669707,0.43862602754331786,0.1631251359113824,0.1381939202375406,neutral
0.09936467708392113,0.001940579161456376,0.004145728114955613,0.1727188253804496,0.5854544408869545,0.03364293354811235,0.10273281582415028,neutral
0.04054677970580273,0.006251468016898716,0.006613010434620515,0.13623191403940219,0.67594529663608,0.06246645267533813,0.07194507849185763,neutral
0.0064432920236836754,0.5814223059439322,0.3581955712264599,0.01087242528560624,0.028822889643386723,0.0075083840704709345,0.0067351318064604255,disgust
0.18069777749319044,0.0024468276565779946,0.0025060713490678167,0.25551671261748166,0.4299399788264625,0.06721918976146368,0.06167344229575581,neutral
0.11047500436759129,0.004477168356922963,0.004775598566098801,0.2169364387736974,0.4410369743999306,0.06947764961803579,0.15282116591772318,neutral
0.10442431342701453,0.002404586536343544,0.0034880773120715526,0.1946082560819364,0.5186244990411785,0.07916343575448248,0.09728683184697302,neutral
0.10217210221717013,0.008178182515984688,0.01092537380938375,0.11243317508030173,0.497155284956344,0.104542123249107,0.16459375817170876,neutral
0.07957354645853248,0.014662403796889783,0.02190401714275876,0.24403034302320156,0.48658486679593593,0.06535685433680977,0.08788796844587174,neutral
0.21228345322590175,0.009736352115738669,0.006178417191773296,0.1069966135387377,0.36940889021771095,0.07391426036487782,0.22148201334525977,neutral
0.004588838638197634,0.25283201429989244,0.6647031734440734,0.015605270382347667,0.034719354904969406,0.017081902365378633,0.010469445965140848,fear
0.09755122878247993,0.002523727754586127,0.010744633285171909,0.19706295061586013,0.5277541950214888,0.05603114488632405,0.10833211965408907,neutral
0.05428425139983159,0.041044159072259806,0.02444410275617366,0.16068991834911484,0.49094930023916705,0.07307280761531944,0.15551546056813353,neutral
0.10865335721340348,0.020538415230387644,0.015936008765840066,0.186834883771284,0.5132255245151964,0.032708676969231375,0.12210313353465703,neutral
0.15006566800216484,0.015994669676186103,0.007091742259074308,0.1936679506634911,0.5011596880811151,0.03070367927876574,0.1013166020392027,neutral
0.037972385753795315,0.008496851127713818,0.004991546154175402,0.1245916012026487,0.5577023593006426,0.12261611006590989,0.14362914639511418,neutral
0.07670607635601523,0.00321447409976345,0.005444632159648531,0.18526452027786475,0.5157696776754563,0.09828239785346973,0.11531822157778203,neutral
0.095784319606476,0.004583706655357115,0.008579389806361394,0.19538647436511183,0.4864548377518696,0.06464727796171124,0.14456399385311283,neutral
0.024131827646564904,0.013278155783749735,0.013964303319022294,0.22043053842382526,0.5709206163428792,0.03771757452892372,0.11955698395503506,neutral
0.07552439997828311,0.007109560438838689,0.010056136053764212,0.20763587265986394,0.4991833187108076,0.05754611852494893,0.14294459363349338,neutral
0.10693406342421155,0.0038534486540062712,0.016237952816484873,0.27049309176389696,0.41567681912402266,0.08052839963136235,0.10627622458601536,neutral
0.23886537671265476,0.0038781186119783715,0.0009389993858662212,0.1746113919425053,0.33577278312824366,0.04781449061689166,0.19811883960185991,neutral
0.10581482216016215,0.004340185086568265,0.02891508455756651,0.28958103711689737,0.41694405784627064,0.053827374909930406,0.10057743832260452,neutral
0.13214944135941606,0.0004185102109937195,0.001914323532372039,0.23160902665323893,0.4981036222429843,0.027011135719235732,0.10879394028175923,neutral
0.08432700085876475,0.004463541775052068,0.0070564982564464175,0.17292118746029866,0.5241956571275818,0.08379689773711761,0.12323921678473884,neutral
0.08139613971867844,0.0033789113287626565,0.005514013764966203,0.18896123778463636,0.5532958500720845,0.051613569508926024,0.11584027782194588,neutral
0.2914683477775755,0.0016763396061781292,0.0019152812206909876,0.22070211501769463,0.3210645690562421,0.027587303753406525,0.1355860435682121,neutral
0.1453592726760234,0.010070968800633642,0.003596063642804961,0.15262147896001083,0.4789977275256241,0.06672717510598375,0.14262731328891926,neutral
0.09227411009251313,0.003259750632629648,0.006740863990732347,0.18076220813128213,0.5602452305697347,0.057889436147485485,0.09882840043562251,neutral
0.05300260565897986,0.011757151034518734,0.015731945203685302,0.1898385551275273,0.4684673339192917,0.057567023688458945,0.20363538536753814,neutral
0.07591927225918804,0.006861045925476372,0.005328364777537252,0.19143946488965116,0.5495350876647307,0.06320330295755841,0.10771346152585803,neutral
0.14197655534835782,0.0068459387861618875,0.006096356774132186,0.18651321008657865,0.44445310850602665,0.07620080824410169,0.13791402225464117,neutral
0.0942700508702316,0.0004427163220155799,0.0035084381169124823,0.2182296228693964,0.5245325769766843,0.021347130363755996,0.1376694644810035,neutral
0.050767138746480256,0.007203071593625098,0.006545793447666416,0.17345220377356182,0.5543959610340707,0.06554524851119824,0.14209058289339746,neutral
0.042181996597484124,0.0025403874475706614,0.0042557917692480655,0.18989274671765896,0.5964852372592663,0.058274203570662576,0.1063696366381092,neutral
0.09236273187265684,0.009900799990414506,0.009418215715268397,0.2005494280383712,0.53928143878706,0.05892469934139207,0.0895626862548369,neutral
0.11076400522348402,0.0030203471890238504,0.004191925531274013,0.21880252157842325,0.468006715526133,0.07309089781265653,0.12212358713900533,neutral
0.13786981429628395,0.012747880442372793,0.0162762505129213,0.165209065672633,0.536754739942812,0.037188687600708044,0.09395356153226889,neutral
0.13110450781756436,0.06326496368079558,0.28549912826647617,0.3757847660420057,0.04617120467928734,0.004979777453032347,0.09319565206083857,joy
0.35841597379112916,0.009580425049646372,0.012629193159825495,0.1348937119694201,0.2550028833861127,0.02768322947537676,0.20179458316848944,anger
0.13831795298432686,0.004620290714369772,0.008813582453710738,0.1903229176021207,0.4440286678780387,0.0806111690192532,0.13328541934817995,neutral
0.3335900681942694,0.000725694810962491,0.0011205777592737777,0.17102091147580809,0.2918314324665324,0.027309826876259127,0.1744014884168947,anger
0.1183066707752671,0.004319219620826686,0.005178668485087352,0.14920996817043058,0.5843161655820525,0.06166336207568539,0.07700594529065043,neutral
0.1452503011460725,0.0021975508433061974,0.002886576128242171,0.1389370127355517,0.4979582500941659,0.07354515210665022,0.13922515694601126,neutral
0.18272867041985807,0.0032543680770106397,0.00217693403349019,0.20084810076212775,0.44286453097475775,0.059768088775759634,0.108359306956996,neutral
0.04865262268656553,0.006050510851952484,0.0028248963387028565,0.18955335442198618,0.6740347820397501,0.017274567905355784,0.061609265755687155,neutral
0.034337447290836126,0.04890182294859619,0.04880130586454028,0.15717382901968274,0.5551273649237308,0.04230162086867126,0.11335660908394253,neutral
0.04491921127569945,0.007592530923162985,0.016575968192316357,0.14800517628301346,0.5652320392363752,0.07395898191861801,0.14371609217081444,neutral
0.014979693886826358,0.00918406022645613,0.009783999116469964,0.07864797326314389,0.7168685969373456,0.05540401782691713,0.1151316587428409,neutral
0.07836563375068166,0.0073839427494686504,0.005808277487962756,0.1745159315782275,0.6145620931869462,0.023221524002162926,0.09614259724455028,neutral
0.17525821282508403,0.01778688917470462,0.013296672459115014,0.13165110000813035,0.509137362798575,0.03289117598604996,0.11997858674834101,neutral
0.12940711239759353,0.12004420131901128,0.04400176864180213,0.25788247501487377,0.37406527518959976,0.028772641647751562,0.045826525789368085,neutral
0.09891141831146692,0.004676487927384222,0.026847542849457763,0.15382434763787145,0.5372444314190387,0.03615370256884923,0.14234206928593168,neutral
0.07440092238949214,0.013526607589134052,0.02033346181605832,0.08607601623625184,0.48435093142692137,0.23342934961773967,0.08788271092440252,neutral
0.012329841195500738,0.026719121615326923,0.01962718517197249,0.11710661860551363,0.7020367291278322,0.051831051896214994,0.07034945238763893,neutral
0.01715913571346639,0.005094129398481104,0.006017532996738454,0.10374543848164734,0.5904098438428844,0.16874680813792609,0.1088271114288561,neutral
0.22068869092967608,0.0034243412521745716,0.004573522458981276,0.3113509823445493,0.2184438475296037,0.04631950156228556,0.19519911392272968,joy
0.18563742151939622,0.014109715693662163,0.013675014617279714,0.24392234185135497,0.3360758469222959,0.07603851723915821,0.13054114215685284,neutral
0.11368147518422135,0.0015976689555712278,0.0074163005623523815,0.2026582029745229,0.4509986617891857,0.12562208431137997,0.09802560622276643,neutral
0.3526633117496798,0.0005691402214964965,0.0014564486366706421,0.22283713470204855,0.18921650963856987,0.01757664856982034,0.2156808064817142,anger
0.13521280337570102,0.00615220130917366,0.01783134130329434,0.1999014179819499,0.32973697059586576,0.21028281697321075,0.10088244846080463,neutral
0.08472618326113292,0.004046901859140193,0.008715541455714685,0.20270800195824662,0.5114148673681201,0.07255250460776212,0.1158359994898832,neutral
0.1923503288654838,0.012331171094717007,0.01112556544710041,0.18688230130891326,0.4054304885386984,0.074986831249069,0.1168933134960181,neutral
0.060615310859853125,0.0014006821706521793,0.004213978691391866,0.31794000138057266,0.5117060865142943,0.015763593186141758,0.08836034719709418,neutral
0.07896733105431146,0.00709823769486318,0.005293440058145558,0.23157323815461558,0.5087634039382495,0.03611047615450858,0.13219387294530616,neutral
0.03142421101238912,0.005906474302193393,0.00641248041726863,0.15714045674307914,0.7001123813355076,0.047171769815917565,0.05183222637364466,neutral
0.06966278928321523,0.017787430066440877,0.026888687204895192,0.18746781322830716,0.556560209947493,0.05097130865096219,0.09066176161868623,neutral
0.18944574800427683,0.004096822064801118,0.008104925724606478,0.24329384336337853,0.35340827584297596,0.055449210137004525,0.14620117486295656,neutral
0.18166436340743886,0.0006921192486140728,0.001761860094838277,0.2443439467290764,0.4467028363664862,0.04189397243112624,0.08294090172241989,neutral
0.3450837439117641,0.0004927798658562657,0.02115074240572332,0.1508411615991649,0.24508593999060002,0.05256929881590808,0.1847763334109833,anger
0.09008905072987831,0.003167666720465558,0.005951796748530565,0.20082830367118476,0.48902317569971676,0.07898856082081372,0.13195144560941027,neutral
0.046563090990708884,0.008907761393166918,0.015390137092679161,0.14503246689381916,0.5882788522313176,0.10266003576281249,0.0931676556354959,neutral
0.11186721289081303,0.11256379270068177,0.021001735579555276,0.19272760428024754,0.35221846967719755,0.049838594857332115,0.1597825900141727,neutral
0.0845239433005728,0.0055927602202064716,0.02505991931826789,0.20666570554250385,0.5040281565865027,0.0532780308879322,0.120851484144014,neutral
0.03281701833836635,0.030093452865643803,0.015382923962666465,0.16864529219489913,0.5474177718136934,0.05292794873597972,0.15271559208875107,neutral
0.11054762139288285,0.012464689939747534,0.02005970214702524,0.23491763285916567,0.485435432018361,0.04897361315910558,0.08760130848371227,neutral
0.03944230400046955,0.01855691679925207,0.025031370387912904,0.14121933477454437,0.6388781033725007,0.03075184660053338,0.10612012406478692,neutral
0.0703166979453902,0.0015980177322567012,0.00471395405840443,0.22551287139780926,0.5741084974208457,0.03462314686959325,0.08912681457570049,neutral
0.08695478448211501,0.0037998044459171486,0.0019001804755896475,0.19917980120306153,0.5592219554255389,0.03837978293653441,0.1105636910312433,neutral
0.07960377418630757,0.0026319487209996105,0.0034634951007101976,0.27216311011559974,0.5094306890553562,0.025436147549002162,0.10727083527202454,neutral
0.23879042283025398,0.005538141084410654,0.0028152194199836324,0.19945424222351937,0.3535556852806973,0.04863992825009821,0.15120636091103684,neutral
0.04869093524073464,0.014562695843606172,0.05569674498374814,0.1826044807974625,0.5238763604765442,0.10795334277449152,0.06661543988341281,neutral
0.07401390399035401,0.000998773897082298,0.004194465708602134,0.24639749345168563,0.5115545058761735,0.05650520672404207,0.10633565035206032,neutral
0.031004254777886833,0.01972460954868547,0.055351310725389694,0.1961777303213043,0.5261924355854369,0.05505215545294625,0.11649750358835045,neutral
0.24669931503569922,0.011163492512233086,0.005991745615539851,0.14945198951863883,0.45659021512873765,0.05063011614950411,0.0794731260396472,neutral
0.23525601238138957,0.0007786351047927865,0.00257411560663262,0.21046596462532033,0.33422161770692,0.05881791390050044,0.15788574067444433,neutral
0.10183733257186799,0.001948976020587348,0.0031857103226604366,0.20193229076609917,0.5254571364090644,0.047551926045499494,0.11808662786422106,neutral
0.07068304900685299,0.0026820393013497366,0.010060388891187816,0.2545213348765744,0.554022167403078,0.024656128411564702,0.08337489210939233,neutral
0.11220854102632294,0.009238076353310518,0.01094983051453921,0.17297244430799577,0.5666626290220346,0.051722529761818584,0.07624594901397831,neutral
0.11483153928716534,0.006486685961055124,0.013189123925085672,0.20079057182884924,0.5016297548093,0.056659718190311285,0.1064126059982334,neutral
0.11272339463227003,0.004238764519102272,0.017768161589922477,0.3217931866390081,0.3933171144456627,0.05663368347506461,0.09352569469896992,neutral
0.05742961839215395,0.005475522335235574,0.004671099169775704,0.16470205737060642,0.6586957800079437,0.025142658189293322,0.0838832645349914,neutral
0.08005498972025571,0.0006698384383257232,0.001165236146599453,0.25892839999461464,0.5040143161791061,0.03006117336636139,0.12510604615473708,neutral
0.12524293132165568,0.0007656094217730376,0.0030688535808703434,0.2351270036514542,0.4859628725152998,0.036316802097656926,0.11351592741129002,neutral
0.0017458941339379543,0.2873888984288258,0.6520447630563352,0.009759176413965549,0.03729646440287987,0.006859187669318413,0.004905615894737044,fear
4.4654964034456283e-10,0.4037197435797575,0.5962800579373437,6.215980326673852e-09,1.6796066492789486e-08,1.4176884884993346e-07,3.325545337037251e-08,fear
0.14178296597065787,0.006255507656790985,0.014828849378549539,0.17258582035827297,0.4484594436176102,0.09017654174897766,0.1259108712691407,neutral
