m3_pred_1,m3_pred_2,m3_pred_3,m3_pred_4,m3_pred_5,m3_pred_6,m3_pred_7,m3_predictions
0.09226592599325274,0.0028242957372388968,0.0032068153864529144,0.18094505314710876,0.5097090849752727,0.08461824454498902,0.1264305802156852,neutral
0.07609834565633038,0.008593823604351375,0.01750905582507866,0.17681910416305674,0.5221773418273776,0.07137901503081079,0.12742331389299444,neutral
0.09644158180458925,0.006992007810045072,0.009958026557549375,0.1702747347108786,0.5168539467561454,0.06310864823182569,0.136371054128967,neutral
0.06515123641708083,0.0013277602437674668,0.0010252638220610419,0.18873339433778002,0.5492301151998783,0.08527857188794273,0.10925365809148965,neutral
0.0029717319968965744,0.2606407621773395,0.7199894312008356,0.005351248687002441,0.0048349085376523755,0.0026678369635875976,0.0035440804366860786,fear
0.10927109987257301,0.004295215754483437,0.004994075306727444,0.18527662292747074,0.5080920532855068,0.06425064954350271,0.12382028330973549,neutral
0.06852983233273696,0.017705416885004953,0.015824163431923565,0.19137476480726967,0.5141279504238622,0.06650152187786498,0.12593635024133734,neutral
0.09759730279374332,0.005209188471526039,0.0048149922666992934,0.19046987059535503,0.5077420592081866,0.06487318680657007,0.12929339985791996,neutral
0.07676211217646144,0.005076420613347766,0.008670903514925204,0.1994104152802183,0.528588174702298,0.0724371276466898,0.10905484606605904,neutral
0.09289672299482572,0.003353154846700402,0.007426558318005886,0.1899573093660621,0.5134113461280655,0.06700862760152627,0.12594628074481404,neutral
0.08016027528485245,0.004405402326251804,0.005510364568322122,0.1804911526916694,0.5209133826356854,0.07699007996024801,0.13152934253297072,neutral
0.14267553988028314,0.009248097038305668,0.01583539071395332,0.19041896752428775,0.4498018171862243,0.07284871044646427,0.11917147721048149,neutral
0.12100555210847125,0.012150065444780315,0.012969072077617584,0.18877835841588103,0.497397660734363,0.053852418394464474,0.1138468728244225,neutral
0.08868453574168558,0.0037848047197703723,0.007390596071244825,0.18703727874321613,0.5196749979665017,0.07068691775494082,0.12274086900263975,neutral
0.05393875153754683,0.014651409027156318,0.015125532751505025,0.191041642613549,0.5182676310566764,0.07679674340245785,0.13017828961110833,neutral
0.08259499572199709,0.004285587640335015,0.0118231429970604,0.203373069722048,0.522639005715796,0.058835895929326795,0.11644830227343633,neutral
0.09030571890290752,0.004584556234717577,0.005787480863030796,0.18302432304962646,0.5280722286837091,0.06234114237405651,0.1258845498919521,neutral
0.08367001483614207,0.0027111786668189155,0.0030335361459286935,0.19835189982970014,0.5335963131290713,0.05998910899966488,0.11864794839267409,neutral
0.15470038149099924,0.002453710738033362,0.005304444627301437,0.17504080970721483,0.4668150109119605,0.06484788674636234,0.1308377557781285,neutral
0.08119739714922578,0.0064996976803984126,0.014884479935171759,0.17361171650439516,0.5490382527330208,0.05237775786908076,0.12239069812870762,neutral
0.0958060871534996,0.004108609254804412,0.007722363500830465,0.19162011760252143,0.5089821854732569,0.06970552173382387,0.12205511528126356,neutral
0.0507869742618336,0.01029378272048278,0.005378385854137031,0.19647623155113755,0.532571351720697,0.06442208768757574,0.14007118620413608,neutral
0.0627573527307481,0.01175355269888384,0.01710012588505866,0.19401165220988395,0.5217807174400211,0.0715587158168709,0.12103788321853354,neutral
0.08634220761091264,0.01121635933885673,0.02115663097273824,0.18503936566708706,0.5102814940663422,0.06587354790298532,0.12009039444107729,neutral
0.11103496760308804,0.004682801178047361,0.015397359485519407,0.1791641549070695,0.5194991826985297,0.05597425726087624,0.11424727686686953,neutral
0.10995139606918722,0.005901256154431975,0.009400256980027227,0.18670600610488208,0.4940246111416595,0.0642180172024863,0.1297984563473259,neutral
0.09337496756669378,0.01489840867644346,0.01814263346350238,0.18881995827351192,0.5043621135804958,0.06263832710464852,0.11776359133470393,neutral
0.07430404014153716,0.003015845908592247,0.006181480489593533,0.1972894960681417,0.5259254938227355,0.06010044994430041,0.13318319362509937,neutral
0.12371673037004785,0.018493811282328743,0.01719044874340394,0.18374052044002878,0.48158641703591054,0.05778547717552786,0.11748659495275222,neutral
0.11288177349602392,0.0026920958424709374,0.005406397170603301,0.18531289364576767,0.5128939643688533,0.062406486542667734,0.11840638893361326,neutral
0.22246172525491315,0.010663976074048289,0.013204651407786441,0.17749898028386105,0.37539178002979723,0.06492527751531256,0.13585360943428132,neutral
0.15112302808137326,0.0028412822255049035,0.0040866185136954215,0.1693430779336645,0.49773695638971116,0.05482257181167115,0.12004646504438003,neutral
0.14054855197802235,0.0066090644365571355,0.009759704483063507,0.17801957618915332,0.4966119923186735,0.06268396942200458,0.10576714117252567,neutral
0.09582939719506538,0.08374474614278815,0.06771295942470522,0.13252266742443838,0.08829383344317546,0.14848043858908952,0.3834159577807376,sadness
0.1573535556024514,0.004485852591601185,0.0048470414555732535,0.1647000264990038,0.482317787382909,0.06059906739145425,0.12569666907700724,neutral
0.10214843128990189,0.014088222698023787,0.0221846115985036,0.18314498977599603,0.4945136183168868,0.06706222421824684,0.11685790210244083,neutral
0.047127874653188975,0.01414149756734822,0.01626028890079521,0.19873978871600295,0.5338032152442101,0.06577699375798969,0.12415034116046504,neutral
0.08076037571061023,0.01346616292937636,0.016820858642189133,0.1737093673671963,0.5025913993551042,0.08230125203979521,0.13035058395572846,neutral
0.08197674426076265,0.002171770795450756,0.005726164512320298,0.19527750674830924,0.5173293632012044,0.0688422919109334,0.1286761585710188,neutral
0.15047133628174644,0.0015730366073917065,0.004159468567947614,0.17440666735305013,0.492690250976872,0.05118380248790147,0.1255154377250904,neutral
0.13011427955070615,0.003914641900971226,0.0032950018615388195,0.18376848000778317,0.5001854006654851,0.05902520935722419,0.1196969866562913,neutral
0.11287724578006564,0.004193193225978682,0.004998973337875744,0.17842062374319617,0.5022166315448269,0.07292628499662691,0.12436704737142962,neutral
0.09721801618595223,0.03546842627993487,0.010692331492996383,0.20479989289046327,0.49339870455852297,0.040442702641228054,0.11797992595090244,neutral
0.003778935970374409,0.48720050184747316,0.4824468105964099,0.009032776756924446,0.006964768468923921,0.0039416613468731855,0.0066345450130205165,disgust
0.09815203650814812,0.000981605244571985,0.0024679518497813433,0.189073257247207,0.516956425484256,0.0588065345026179,0.13356218916341742,neutral
0.11287098585804783,0.004145145450407214,0.005564713725427746,0.19438976655772094,0.4934270517945824,0.06090077447294502,0.12870156214086867,neutral
0.1309133146018584,0.0032639807965306605,0.006757146727103108,0.1710675536410163,0.4823796266479731,0.07374858923335718,0.13186978835216182,neutral
0.05922980689034821,0.005828412957034087,0.004809469753775166,0.21347119686652646,0.5434117184070731,0.057647851024421895,0.11560154410082145,neutral
0.010223759636593633,0.3648619046062692,0.5797396353592739,0.016017736134427293,0.008728118606482765,0.007110154385581523,0.013318691271371171,fear
0.099300163720216,0.00924376531355773,0.011564444138214395,0.18065583981081282,0.512829879734492,0.059544096657744364,0.12686181062496263,neutral
0.23784526966436256,0.004074152067766784,0.003972491197341388,0.18246244677658588,0.4138421685296798,0.040734276419387955,0.11706919534487537,neutral
8.594892072327843e-06,0.920519549559495,0.07941428426859752,3.8572998708825955e-05,1.1974547375566781e-05,6.9531372183575196e-06,7.059653189935497e-08,disgust
0.0899983669877949,0.01000077059635315,0.011746282779343803,0.19423438056126288,0.5144015958920994,0.05814640254558861,0.1214722006375568,neutral
0.05198875217517066,0.01717041098668926,0.023441519877891885,0.2027834940037589,0.5379178482372661,0.06093462177501387,0.10576335294420873,neutral
0.11784266803590666,0.0059171955029062254,0.0061527111978293,0.17816629035849835,0.5022374869937901,0.06741658742723676,0.12226706048383287,neutral
0.08839067494077713,0.005482859833618509,0.008699771372687673,0.2021323966311613,0.5208574971272615,0.06034288286250032,0.11409391723199336,neutral
0.11241872319132933,0.011402737182315286,0.008219060604768968,0.16486012123280538,0.5146216030454419,0.06872836204334572,0.1197493926999936,neutral
0.0987632983708988,0.011498645600259141,0.011147688516560323,0.18630018175215546,0.4890681450521582,0.06764652312213575,0.13557551758583242,neutral
0.10106752588720823,0.0072796772850594466,0.0064674619186912185,0.18492901674434017,0.5040059490857556,0.06958529969256651,0.1266650693863786,neutral
0.04780823525366331,0.0054631552503929,0.0029692803867253977,0.2111299535226885,0.5584875202367934,0.06074344289421542,0.11339841245552114,neutral
0.1398605272555133,0.015709867202207004,0.024368837312958972,0.1872348370890811,0.4606507488066286,0.061462036005781644,0.11071314632782925,neutral
0.0700139180819268,0.009599679439316675,0.007558425972531832,0.17819597258253936,0.5139706292010014,0.08471592400619805,0.13594545071648584,neutral
0.058951052577601186,0.0021762083922429194,0.006573467053807012,0.20271057082800317,0.540890530313971,0.051500690800597854,0.13719748003377683,neutral
0.06909366319775742,0.0068965132804508535,0.002188413033395252,0.18690856195742162,0.5403363434079196,0.06841352135778773,0.12616298376526755,neutral
0.08666374907473473,0.00843049726996013,0.00894040182469878,0.1925164497405578,0.5188134329856584,0.057829865556913794,0.126805603547476,neutral
0.15118941898576832,0.013206742476634992,0.01506943146362772,0.15800214619589129,0.46403194159896305,0.07275300941786611,0.12574730986124827,neutral
0.0774601046897863,0.0032962607620065595,0.002350189517092677,0.19179693492290384,0.5410233140665593,0.062365782800941905,0.12170741324070979,neutral
0.1291957427999005,0.0028256311632777957,0.007024571995056067,0.178291776775735,0.5010514443605563,0.06490366403841372,0.11670716886706048,neutral
0.08187366972475008,0.007839698555592385,0.011056814919671509,0.18751287251703197,0.5193960287551687,0.06595621419316283,0.12636470133462227,neutral
0.08271234689867583,0.009953557126033992,0.009892687584077318,0.20258247412039274,0.5192937121539104,0.0599581285997854,0.11560709351712395,neutral
0.11482061693217684,0.0026763514454764183,0.004427390056678375,0.19436443949250456,0.49664803605162405,0.06568188575513219,0.12138128026640697,neutral
0.1155556268860696,0.005747352913681418,0.004942262232319415,0.1889893542677681,0.5016371310445692,0.05983231945322061,0.12329595320237176,neutral
0.08142799479614302,0.007316648523682225,0.007871704691274607,0.19402505232727157,0.511967792683028,0.07248304564835027,0.12490776133025076,neutral
0.0009818893746815628,0.6445925037424474,0.34890296395361087,0.0014594454809688739,0.001168113446052137,0.0012457914441125564,0.0016492925581263907,disgust
0.10958081116126096,0.00740633668121928,0.013421230874777822,0.18170894593208564,0.5183894798344392,0.057212219932809845,0.11228097558340687,neutral
0.10179256713242016,0.005599382480941508,0.00522084079616347,0.1740182432817536,0.509085268236351,0.07237870572046358,0.13190499235190703,neutral
0.09958409613061413,0.007433421248430423,0.006959246676195431,0.1933957490946794,0.513180682998728,0.05800677865485029,0.12144002519650193,neutral
0.10586109619170617,0.005884300728908949,0.007996275471400536,0.17733144029736508,0.5020250183775198,0.07916226723318594,0.12173960169991375,neutral
0.12573939642689236,0.004873511606255834,0.007100186913049501,0.204641085640556,0.48613238959142013,0.05547176455037918,0.1160416652714473,neutral
0.1363633037430275,0.001865331932446884,0.003991356243733283,0.1698784639327977,0.517621213734646,0.05362402449835845,0.1166563059149899,neutral
0.09825712846802444,0.012058820253744572,0.014596274819339358,0.18751444800168351,0.4962467604279464,0.07106473882175814,0.12026182920750375,neutral
0.06602193454881163,0.014539750838078028,0.022383224457384557,0.19252120144903184,0.513134683198295,0.06473164192812376,0.1266675635802757,neutral
0.012636274272384644,0.3315911344046325,0.5752381196153401,0.02089402439364745,0.02189572865718334,0.014646580501826607,0.023098138154985414,fear
0.11054476905118489,0.004455958617460426,0.002994555131842699,0.1817461938720128,0.5081247622948376,0.06903307910192617,0.1231006819307352,neutral
0.005518857116390785,0.5372445274459632,0.4124718089600217,0.016157918739639756,0.011658210340184532,0.008005870621976703,0.008942806775823344,disgust
0.12447976807931138,0.0014744095616544234,0.0020397931283323936,0.17426180740107255,0.5102483163250267,0.062401016424840354,0.12509488907976282,neutral
0.07065971269471968,0.013391557227528739,0.019715355440450562,0.18233481676177546,0.5102075242738453,0.07439081600047372,0.1293002176012062,neutral
0.08425984125685333,0.003279047368779483,0.010314369332680106,0.17613435881965359,0.5210436094659989,0.07091419895144213,0.13405457480459246,neutral
0.08434152152682632,0.004256631987850032,0.006582228575244319,0.1789428704922759,0.5181368058070139,0.07408242500984408,0.13365751660094552,neutral
0.10076968976184167,0.004827576423508043,0.010767168494893255,0.16944748282717584,0.4968476670440954,0.07321160596857543,0.1441288094799103,neutral
0.1340904362217621,0.004769099060422926,0.014928943616964199,0.1813950527824681,0.47640676316947284,0.06072037221142525,0.1276893329374844,neutral
0.06138959228562708,0.009790204763404768,0.014101392715124263,0.18672078817814275,0.5189061191110659,0.07980849454876651,0.12928340839786837,neutral
0.12642697838023526,0.012824343568529266,0.005505901334829921,0.16071563980910877,0.5590021478657959,0.042634715919936006,0.09289027312156468,neutral
0.14675787541572324,0.003090747682604857,0.0035172117303300565,0.19438700941138817,0.4923234156336136,0.05001204744918262,0.10991169267715743,neutral
0.07305222207226408,0.008515586443524984,0.008582398974273703,0.1800311002243942,0.5180203851591315,0.07859221841667735,0.13320608870973374,neutral
0.05403204345532177,0.000955612799002327,0.003136481650707248,0.20508441688052054,0.5404833193542935,0.07029670204117668,0.12601142381897767,neutral
0.09804632012875078,0.0063624424521699805,0.018866395024204816,0.18785662834837025,0.5103891342202995,0.0702308883147449,0.10824819151145995,neutral
0.07990636381640934,0.008093077312799374,0.007192160538659772,0.19303180155595637,0.5198053404603261,0.06448097166803797,0.1274902846478107,neutral
0.09237287520971549,0.004529097980195013,0.004553985610632637,0.19445603205035317,0.5130118828852545,0.05970772870102945,0.13136839756281998,neutral
0.12287388598141798,0.003133258319647077,0.0037113357511737236,0.18377294870060057,0.5015353790194782,0.05715928042139961,0.12781391180628235,neutral
0.14419841223358912,0.0037156563992057235,0.0037156419402265464,0.16251774119487467,0.5090425393309516,0.0570194470386039,0.11979056186254908,neutral
0.10123225601360508,0.005122609421886568,0.005857772529139249,0.1928666410863909,0.5130154377425082,0.062342920282534874,0.11956236292393511,neutral
0.11161021183434532,0.00657844723642822,0.011869831551179669,0.1889713066203061,0.4910537329561332,0.06394336610392232,0.12597310369768547,neutral
0.09842952723197902,0.009126895079088109,0.011125907710167098,0.18407587701613753,0.508128546339156,0.062163187706278926,0.126950058917193,neutral
0.07194632628423595,0.02623262451241754,0.043096469711105354,0.17513554318553287,0.48198869076453593,0.07482920046334061,0.12677114507883183,neutral
0.14600651883776578,0.003221514445714039,0.006815131466665839,0.18393138356323444,0.4684054683833786,0.045488169558147606,0.14613181374509374,neutral
0.0912768624767536,0.006267349729068366,0.008060232578204898,0.1852888912589326,0.5147288939137528,0.06856428164063434,0.12581348840265397,neutral
0.11134932482391402,0.0047966528051677235,0.00764338950714332,0.19199003270047993,0.49793824221300703,0.06049169439572474,0.12579066355456323,neutral
0.005648578757979648,0.39887371223123924,0.5662573951409167,0.0090319045823533,0.007896350295798918,0.005361220996858776,0.006930837994853377,fear
0.25631054608816334,0.008138797538149759,0.011226143939456024,0.14979816649402614,0.4450086689282394,0.04195326924200211,0.08756440776996328,neutral
0.12187080779796174,0.005707016776995537,0.005515063756482216,0.174843010213293,0.5055491713710982,0.06238247565704777,0.12413245442712187,neutral
0.1050594888938614,0.005869109053222642,0.00664305325000811,0.18570721134269588,0.4984648910950384,0.07405248985244645,0.1242037565127266,neutral
0.08833989788457729,0.006483671539272711,0.009509378663008843,0.1845454989453444,0.5211765966952615,0.06328055464662734,0.12666440162590809,neutral
0.13682712537444144,0.005694908373352528,0.009637123175713856,0.17492067848050255,0.5027804275987493,0.05616183767263982,0.11397789932460076,neutral
0.10677306651260163,0.005516979464982117,0.011320571492955834,0.18516852965021133,0.49579437301268275,0.07182920277047194,0.12359727709609433,neutral
0.12102144285944264,0.012179277603829976,0.0075348246029800555,0.16816944318735863,0.4896368635792275,0.07386562605428582,0.12759252211287547,neutral
0.0997753079303136,0.0042213244977729915,0.008198227415271011,0.19127747542924367,0.5110118845983543,0.059345237524155575,0.12617054260488914,neutral
0.09905934885624912,0.016037195168315043,0.022384878575531893,0.18025547666952998,0.5050592268065173,0.07080453957288174,0.10639933435097461,neutral
0.08087784079383428,0.003460624687436406,0.006190697675833712,0.19592511768406323,0.5128290120521718,0.07290593942935965,0.1278107676773009,neutral
0.11248198169701769,0.006913924250207648,0.00834715006286654,0.18833707331876623,0.4876533342029734,0.0667985072509761,0.12946802921719266,neutral
0.05471191535663754,0.010443865858538685,0.016050467805727674,0.19346285313117179,0.5299400844468483,0.07393902794084847,0.12145178546022783,neutral
0.1305351560867152,0.0028079644524532654,0.003747723823936761,0.17393652922462371,0.49922369722920734,0.06333277275234911,0.12641615643071444,neutral
0.054380173025273267,0.018628241033182814,0.02372226535498704,0.19185429627670597,0.5264067770900016,0.06324016163411075,0.12176808558573812,neutral
0.10095405466427279,0.011873692738412581,0.010372424137622483,0.17581031199452812,0.49870050497954743,0.07059937332097171,0.1316896381646455,neutral
0.034450664714291826,0.21471144073500806,0.3728671046380795,0.04857054283060635,0.09630563853287039,0.13503427050722275,0.09806033804192123,disgust
0.06533515610926093,0.007794328907801459,0.009325884541298837,0.15802152430764063,0.5139057624710738,0.12307151599671215,0.12254582766621203,neutral
0.06116165779337983,0.002726905207737856,0.004167504621164753,0.18863085892226109,0.5304148161874771,0.07950854822914682,0.1333897090388327,neutral
0.05768763766727888,0.0007186501625801206,0.0020717836527673695,0.20841269993489778,0.5280004195654129,0.08219566711630806,0.12091314190075492,neutral
0.09548555114293181,0.006649961940925433,0.012060756414068521,0.18731831971851642,0.5074499688972671,0.06574640533072529,0.12528903655556564,neutral
0.07368872313217335,0.017371815351266078,0.02353737825849339,0.18944896964055288,0.5032238059896812,0.06423959257289122,0.12848971505494192,neutral
0.09240303394717897,0.005221578365389494,0.010448513383745446,0.18489288673086457,0.52163687304611,0.06748426960966293,0.11791284491704813,neutral
0.12488602733768539,0.004981605387590355,0.007647453437142966,0.18807289192653154,0.49181171786360395,0.055315389108049624,0.12728491493939573,neutral
0.07456518139461014,0.00920552321034313,0.008000865504172732,0.19880982696974522,0.5207538484773784,0.06405899377487409,0.12460576066887614,neutral
0.1287355724879848,0.004350644381354037,0.006425706980364426,0.18895139772585762,0.49730814358388103,0.058796969198333805,0.11543156564222369,neutral
0.09416496499228898,0.008997609826770616,0.009749003069346849,0.1745652352840958,0.5020323892570043,0.0770414222554361,0.13344937531505774,neutral
0.08910004100358404,0.008175517344382573,0.006858505723941498,0.19135617414573883,0.5140564607768212,0.06396097898815997,0.12649232201737232,neutral
0.09624795626479463,0.005530102215904307,0.0037936422258151277,0.185770758492706,0.5237566107235612,0.06211775962056232,0.12278317045665617,neutral
0.13044311608155054,0.007751550335114296,0.006549886985996829,0.17995086405717262,0.5044866734278413,0.05863414914002082,0.11218375997230358,neutral
0.08166044887848306,0.02349309753285777,0.014194326777505937,0.18784159351829033,0.4963141313218016,0.06991106747404259,0.12658533449701806,neutral
0.0038994137229684425,0.5424675803683666,0.4214032462046805,0.009474486456532009,0.008180783604429488,0.0046570475697380615,0.00991744207328505,disgust
0.10837254860326404,0.0019028481274887628,0.0030747377279019368,0.18224917390759052,0.5059669358237899,0.0696983479805445,0.12873540782942025,neutral
0.07731241911042738,0.0026652079104616025,0.0057773434936836034,0.19196572891218003,0.5336443341472674,0.06540402604282314,0.1232309403831571,neutral
0.026585072181628273,0.5762243228926636,0.1845480784156613,0.06175906085892542,0.0903613952189262,0.02846852684473519,0.03205354358746034,disgust
0.09926579594753389,0.009547503970871915,0.009037304107935722,0.175781114416035,0.5078326207767314,0.06885252371789234,0.1296831370629996,neutral
0.07187794594934205,0.0018697456710513977,0.006090830665176897,0.20401747752631477,0.5322261449309962,0.062041527406211536,0.12187632785090702,neutral
0.12957789479998297,0.007700717830777153,0.007192040297627153,0.17811826840941156,0.5006817024245882,0.0654135967264889,0.11131577951112387,neutral
0.08360024265501083,0.010837598399742457,0.004407626685843712,0.2099319222457886,0.5118138149175514,0.052692512254747526,0.1267162828413157,neutral
0.0017794708707149058,0.32917562088970465,0.6558840496506985,0.0032698020802665027,0.0033683589339979407,0.003529105815190703,0.0029935917594271565,fear
0.05566082644711713,0.006853587548359786,0.004595924803320263,0.19075484824242922,0.5398613120074535,0.0768752923309111,0.12539820862040918,neutral
0.08926393389528213,0.007478340734753592,0.013248187432927917,0.17834730993229317,0.4996585636477609,0.07375811864279451,0.13824554571418818,neutral
0.06701126960597491,0.0065853774548379285,0.01708690935020124,0.1950917742354252,0.5188470161409091,0.07249539734902397,0.12288225586362732,neutral
0.12277824464538382,0.002504713388265347,0.004554248971621072,0.18806890671976748,0.4958485578477735,0.06317832736260755,0.12306700106458097,neutral
0.12267396751435973,0.007574765177495416,0.005532951657531002,0.18368770725339711,0.5136723456063534,0.060663114988527375,0.10619514780233547,neutral
0.13362668529337768,0.004287063623153316,0.0038593233192542064,0.1873948245835157,0.49225243576685584,0.05644141892614934,0.12213824848769404,neutral
0.2655168425707479,0.001746556615174816,0.0034041915488304117,0.1351216660418667,0.4265113333060913,0.053004786689145315,0.11469462322814371,neutral
0.09421299537715232,0.013261820606769233,0.013876712256311674,0.1863486044441417,0.5005039862465248,0.06503504229651573,0.12676083877258484,neutral
0.1450622397595287,0.007946539178957601,0.012335614138052783,0.18441615402776396,0.45401382590479944,0.06314693909374053,0.1330786878971572,neutral
0.07850843447233813,0.009088241030597575,0.011823368691567398,0.18778776500547015,0.5078287675494346,0.07894951422191043,0.12601390902868165,neutral
0.12419154199420794,0.011883362617599773,0.01876670549281113,0.1695424620636623,0.4842338205158241,0.0604926111521239,0.13088949616377102,neutral
0.11239339618815136,0.007834245879828297,0.007467271823911756,0.1747805183372744,0.49894076384821684,0.07699159434460659,0.12159220957801085,neutral
0.06139838067997089,0.006066128173794361,0.0035730140325646283,0.20224447203071685,0.5413392598645487,0.06298276884383218,0.12239597637457217,neutral
0.08908008206507718,0.007859747301726363,0.01353716224737115,0.193862686210747,0.5040856657009806,0.06542874090248879,0.12614591557160873,neutral
0.07796430807069353,0.008183649901050874,0.01654745039900311,0.1899306789889873,0.5282286358171839,0.06083303497920106,0.11831224184388005,neutral
0.10021635112087114,0.007728467530301417,0.008294763581111845,0.1876001007982245,0.5013240384912883,0.06577676462619118,0.1290595138520116,neutral
0.06604931850836314,0.002056255410123735,0.0017146121414331758,0.21006778604780962,0.548757877302192,0.052840836641293534,0.11851331394878462,neutral
0.1100777063183333,0.008077744911427853,0.012945866109169613,0.1937584119822298,0.5066571382490805,0.05617490944294178,0.1123082229868171,neutral
0.12896420899909825,0.00483373476888731,0.005504392689179157,0.18555835110966343,0.4918991318328822,0.060743115579151186,0.12249706502113823,neutral
0.0637439254329298,0.003781680887475751,0.005935055528347832,0.19631645199395623,0.5310416985244151,0.07238950757217234,0.1267916800607032,neutral
0.05972687537019657,0.0034608630111630564,0.005539071599707734,0.18336121745399933,0.5299425619671734,0.08418788368286313,0.13378152691489673,neutral
0.0921914281704685,0.00366833471837476,0.006422666671981947,0.1902523645360199,0.5178580304165307,0.0690749000968749,0.12053227538974846,neutral
0.2857333208411925,0.0026588205006442198,0.004244522023067622,0.15966195349289425,0.37664893964122265,0.05940665754007753,0.11164578596090116,neutral
0.1314238534077991,0.003963595738399883,0.008095578856777468,0.1807076537422141,0.4835909501516817,0.06977214660766912,0.12244622149545872,neutral
0.1256734932633517,0.0033332587157089747,0.004005221202062591,0.1845460703511915,0.5057667207262537,0.06087136717209782,0.11580386856933333,neutral
0.08125282145850848,0.006054983393445359,0.008439992142278854,0.19106596554071753,0.5210022280081973,0.07077649275175496,0.1214075167050979,neutral
0.003600671181900262,0.5667783750907933,0.40453414607874494,0.00959064653268368,0.006411795530845815,0.003615539371505447,0.005468826213526783,disgust
0.1527588685594686,0.0023169332018073336,0.00365776384373517,0.17709322850219678,0.49493050741107414,0.06446072719797305,0.10478197128374457,neutral
0.10394545880064819,0.006405025422251757,0.00891631355580601,0.18646100380358324,0.5031882788413569,0.06198318457068369,0.12910073500567007,neutral
0.1060873400601352,0.007153204178955057,0.004509609043128006,0.18872834580053596,0.5077623483137212,0.06603349448358359,0.11972565811994061,neutral
0.09926579594753389,0.009547503970871915,0.009037304107935722,0.175781114416035,0.5078326207767314,0.06885252371789234,0.1296831370629996,neutral
0.047117255444139916,0.017717711014132304,0.00901654859509171,0.19058582802725244,0.5363731234044482,0.075179684485505,0.1240098490294303,neutral
0.1352130699762857,0.007110067987296273,0.004539719931724597,0.17560899464457952,0.4949632905019413,0.05234375830502121,0.13022109865315143,neutral
0.016310011392254086,0.1188181585481029,0.7838714394445884,0.027355853224198024,0.016639405816953907,0.016656654585387384,0.0203484769885153,fear
0.07623121609739054,0.005350999189662576,0.01564409552825317,0.1905933755938338,0.5240900543825157,0.06391980632971697,0.12417045287862737,neutral
0.07882871369891963,0.010892186514751065,0.014440324926090504,0.18144272523088015,0.5151777706136408,0.06999069181952701,0.12922758719619049,neutral
0.09542276055588762,0.009304341999251117,0.00871867842665832,0.19963456035416033,0.5094994835755133,0.0570499840146702,0.12037019107385842,neutral
0.10452257830008613,0.008164551258305687,0.009758839583642374,0.18482449852079635,0.5172733634419223,0.06156243446203629,0.11389373443321071,neutral
0.07464491454003422,0.005144907470535361,0.005537575058211881,0.18732132802541807,0.5181273281831701,0.07529859152608602,0.13392535519654425,neutral
0.10628883709427578,0.00709775802169656,0.010765493965845455,0.18074542132680807,0.4957721194953688,0.07615001330889151,0.12318035678711389,neutral
0.09668480124575358,0.02015319495324172,0.012509918467539924,0.19313502013545109,0.48425738273724767,0.06981256936055942,0.12344711310020651,neutral
0.057658561856901484,0.008640352474111207,0.01952391521763804,0.19980409291861534,0.5239175837459202,0.06631779311001877,0.12413770067679557,neutral
0.083276458006241,0.012206682356118766,0.015078262032974299,0.1957424677503343,0.5034415105793913,0.06186143590605986,0.1283931833688804,neutral
0.10393187724725148,0.005595149517138192,0.011329873281207938,0.19486955684299298,0.5091522553540485,0.06233118724928915,0.11279010050807184,neutral
0.1407743908926456,0.005270638630532415,0.006678488607251959,0.18068697975685152,0.49075452018957844,0.05433276053916781,0.12150222138397239,neutral
0.0794370912301751,0.004321106140067039,0.024222038963187087,0.1951004371648532,0.5251000638908734,0.07219428417166159,0.09962497843918296,neutral
0.10898458511966003,0.004021227843342241,0.0047153149174348485,0.1913641152896052,0.49842564276794943,0.0639051584328807,0.12858395562912756,neutral
0.08637990164696575,0.003028645060669469,0.006715186416469345,0.1836059975697081,0.5179270884168898,0.07029882785171424,0.1320443530375834,neutral
0.11847482546357248,0.0038416577994607078,0.00679350094923999,0.18382817510035718,0.4993707464796211,0.06285985102972828,0.12483124317802066,neutral
0.22220983289707733,0.0053079182942589115,0.006452058367835174,0.1552194638785954,0.41887295720856377,0.055788381314226074,0.13614938803944296,neutral
0.11296029151735401,0.004038199686857988,0.00440409023994519,0.18404730943369366,0.49741599062183706,0.06901125367406245,0.12812286482624993,neutral
0.10507108964952885,0.004744547465475964,0.011705659422805294,0.18490607917613103,0.5145298608130243,0.06607270916704695,0.11297005430598767,neutral
0.06751618213654523,0.01409708481859521,0.015927385678313033,0.19242170727093408,0.5186583315076524,0.06262891776891084,0.12875039081904913,neutral
0.08425437270411462,0.0047079139714701485,0.005920068598366718,0.19650802878103296,0.5163530283246822,0.07003751366252477,0.12221907395780847,neutral
0.12366938318623277,0.008008244756158066,0.00965837698468141,0.18482513413639026,0.47611309321568207,0.06900272333047859,0.12872304439037677,neutral
0.0691185929123099,0.002833444853603628,0.011415988279584564,0.18591686824617099,0.5587153479418713,0.06038551752330925,0.11161424024315061,neutral
0.0829196847950707,0.011848495501514383,0.010393555266904152,0.18710576946138957,0.5113590766737969,0.06937028892906177,0.12700312937226224,neutral
0.06311006201359654,0.005668323649535771,0.005295152741369422,0.19877741586182393,0.5344114562323193,0.06460654905531746,0.12813104044603804,neutral
0.10364587162956998,0.007686720010078131,0.006685167311202735,0.194643057852804,0.5072990901847799,0.06595525084058194,0.1140848421709833,neutral
0.12187189374742347,0.0031266680939422515,0.0085333622291697,0.19341380973480526,0.4884124475350081,0.06697396503485661,0.11766785362479494,neutral
0.12096673917655466,0.011350644798066566,0.013445383713608688,0.17859543100408207,0.5062170615536385,0.055625593373024654,0.11379914638102444,neutral
0.1286177958973454,0.5681377884927614,0.1268332632114359,0.046775466698520736,0.04074262230975427,0.039342296901742096,0.049550766488439944,anger
0.08910926082827629,0.004645548763249766,0.03215517701125558,0.1290017808452406,0.5374142096742177,0.08575210252464874,0.12192192035311122,neutral
0.11396185953094379,0.0062078130638633594,0.006842542486254324,0.1834957633897886,0.5040743458687653,0.06462167889323467,0.12079599676714987,neutral
0.15794067877465562,0.001827299781805665,0.0029957665928405947,0.17283711076449262,0.4886181761288004,0.05022876905834909,0.12555219889905592,neutral
0.10282319609626502,0.0033475431909821647,0.007682678415657294,0.1860553660563357,0.5202446527707604,0.0627400179507554,0.1171065455192439,neutral
0.10571751293635233,0.003797680118086859,0.004700304772597017,0.17039097805517725,0.5103324702070823,0.07107338030575064,0.1339876736049538,neutral
0.10270493456577515,0.003384494609597041,0.0050946807268557074,0.19258272606812424,0.5112393532410202,0.06377307954816323,0.1212207312404647,neutral
0.08070717543876556,0.006935911179412292,0.006205789277363468,0.2023818619149921,0.5179743575470251,0.061910622857722045,0.12388428178471855,neutral
0.059056141191192485,0.018625419383159602,0.03329607979262245,0.1912257819715471,0.5066534554861045,0.06662054178659725,0.12452258038877717,neutral
0.0712559079331836,0.015437215202158615,0.023619263453235326,0.1849903136936614,0.5093648342064309,0.06682325619929563,0.12850920931203488,neutral
0.046969877730189985,0.011446473493423814,0.010376503979828809,0.18877582012728616,0.5355894675332226,0.07187821461940312,0.1349636425166456,neutral
0.09681481934401227,0.0044135707065307,0.0102678505248156,0.19363244352242437,0.5181684564189138,0.0629891468821744,0.11371371260112903,neutral
0.13598514537636203,0.008202536960610142,0.006894889842153358,0.18184874410408922,0.49467680973746214,0.05245990717085363,0.11993196680846939,neutral
0.09220275352294768,0.007359281137121106,0.028577154755595503,0.1841725827575074,0.5257794681996344,0.05890432602238275,0.10300443360481139,neutral
0.1032842603259072,0.00563026246192695,0.010905221620602763,0.18667213188727463,0.5123958587234161,0.05730518523568036,0.12380707974519149,neutral
0.08534718170483614,0.0069728730182237325,0.008601533419399208,0.16465853543205855,0.531387053024259,0.07978164555977006,0.12325117784145309,neutral
0.04105213653468313,0.016420974462164017,0.030365902369504802,0.19757016892024332,0.5212373362640922,0.07104175905621025,0.12231172239310219,neutral
0.042831533036731984,0.004969476837563402,0.020138011925848076,0.1873377258763428,0.5357626321697672,0.07272941430005249,0.13623120585369441,neutral
0.12305524857919743,0.00321320956437202,0.01157273781914919,0.18609696635960973,0.5024784132230319,0.05230327649487404,0.12128014795976554,neutral
0.11440496095725604,0.006467822022452011,0.011931293601614663,0.19331798111607962,0.4775274257544497,0.07533025420818695,0.12102026233996127,neutral
0.13696927725171332,0.005156909484048945,0.005185998470257353,0.1848713379458895,0.48444903809119116,0.07189103760336851,0.11147640115353136,neutral
0.15734326953573585,0.001015627817166343,0.001665498073785447,0.16321300593640273,0.4888658312276041,0.05317703977602646,0.1347197276332791,neutral
0.18525168481110194,0.0131723081496129,0.012345243135749829,0.1645166496016644,0.4446500362185151,0.07174356374959545,0.10832051433376005,neutral
0.10626093434803116,0.004225363801978369,0.005735105333170085,0.19136612071098116,0.5131450071743454,0.0591123216159062,0.120155147015588,neutral
0.2010411254371723,0.006110897253569524,0.006869575944396922,0.16344967626898915,0.4396605343212754,0.06356315812199251,0.11930503265260371,neutral
0.14913713332597175,0.004349001095841639,0.009701244915455915,0.1853455670158648,0.45235189098506673,0.07630322371391826,0.12281193894788102,neutral
0.08975649817236037,0.01011763847813005,0.009898798995243558,0.19805426923874384,0.5177481585436741,0.056322232033741114,0.11810240453810744,neutral
0.0727154771422409,0.004595100020104809,0.007813392232021418,0.19590980708518754,0.5222874712299604,0.0728552105394542,0.12382354175103104,neutral
0.0710506683813656,0.011204304863464165,0.021860654948816713,0.1910988595398304,0.5139546637423621,0.06918384773692085,0.12164700078724007,neutral
0.13987044446198865,0.0052213009713225275,0.006036434133177297,0.18927331764688698,0.4850942841672542,0.056708973834140156,0.11779524478523035,neutral
0.11163200959567163,0.0030467545944357507,0.0019548503523145588,0.1900452374046046,0.5089313965118163,0.06142866847747828,0.1229610830636785,neutral
0.16358361006676175,0.004634424014539134,0.10443988623098355,0.07254057578380724,0.563931253147896,0.027427754398755423,0.06344249635725678,neutral
0.10388777850357314,0.004767487515358501,0.0069371877378572545,0.18907829439885776,0.5076836921171172,0.0643152061675129,0.12333035355972327,neutral
0.07978081273574443,0.010046611098691777,0.01362389145076984,0.18755768599338332,0.5118092536383403,0.07404404253945665,0.12313770254361334,neutral
0.15955912952863163,0.014125126444535903,0.012779843618196505,0.18044358791277068,0.4580833060493891,0.05925393069732305,0.1157550757491526,neutral
0.053506222783642955,0.0045509042902886565,0.013311972182400472,0.19959527370405356,0.5409656992325375,0.06273293886307187,0.12533698894400463,neutral
0.08841621414725179,0.01978953726276739,0.023738711551392584,0.1755060742629559,0.49058216804397103,0.07165964019305471,0.1303076545386066,neutral
0.1016529112382087,0.01563008860411379,0.026360819051021153,0.18449332431449647,0.49942694699473644,0.06248273425695402,0.1099531755404699,neutral
0.08434747651116344,0.007905703276663354,0.012149615627300136,0.192069637412337,0.5134690890884253,0.06467549648476363,0.12538298159934702,neutral
0.0878141552094936,0.0043042357782618265,0.004826840724662194,0.1999760789550586,0.5197414601705515,0.0639225961270546,0.11941463303491827,neutral
0.08408589674525989,0.006087811912737753,0.006807672405446696,0.19834433943069563,0.525293141916456,0.05554406024233851,0.12383707734706531,neutral
0.10433286125705749,0.005314443633688476,0.0035695038240797536,0.2011702532916969,0.5034612496876784,0.0573191139668444,0.12483257433895473,neutral
0.13037150947159348,0.003702479422000798,0.004800325139955796,0.17964729591159134,0.49234321979325685,0.06339080021190342,0.1257443700496981,neutral
0.08364525466883335,0.00784917635445078,0.029538089363584253,0.18837924513665444,0.5183197962995415,0.06338078521997101,0.10888765295696476,neutral
0.09427667831241303,0.005676733905417056,0.012129282298297317,0.1884627412613084,0.5110785603630283,0.06256402770066972,0.1258119761588659,neutral
0.08172294743414973,0.015876050604478564,0.03177432861057283,0.1913871415851681,0.49115205002617573,0.06797351148101398,0.12011397025844096,neutral
0.1364728757133366,0.006327926207240032,0.007017563581251463,0.1915269641202494,0.5105269546420709,0.05305570603103855,0.0950720097048124,neutral
0.13724430418218744,0.0013399285307551917,0.0019863025928512808,0.18934177285940204,0.4929937783750916,0.05427206423565297,0.12282184922405913,neutral
0.09760806037762645,0.0022202159667179724,0.0029447736314841396,0.1921697083901771,0.5160441913536229,0.06365858703078815,0.12535446324958396,neutral
0.11062692055429083,0.00785647535573056,0.006839640637143803,0.2011898139060956,0.49777636187065516,0.05448716956713681,0.12122361810894718,neutral
0.1059161866531487,0.0044967650569504095,0.005786946161230167,0.18315016140193865,0.5157713669112158,0.06982241355019507,0.11505616026532106,neutral
0.09626386540732153,0.011281657489656883,0.010011085403983901,0.19031618915955392,0.5004098049485223,0.06922885922559474,0.1224885383653666,neutral
0.08169523824817877,0.008371946059364957,0.019554096005159914,0.19209709351218401,0.48819213261928507,0.07504788647121659,0.13504160708461058,neutral
0.07181197158498727,0.004031441519199952,0.003685338274543245,0.20390216286079293,0.5333841021327694,0.05925929139174109,0.12392569223596529,neutral
0.07625300750128718,0.0032801129486956324,0.003560830232946994,0.19366652021720027,0.5286818089668759,0.06740739576526293,0.1271503243677309,neutral
0.11364552334817242,0.0027671873855237843,0.004460884132375123,0.18101461665709395,0.5242026117726714,0.056776578920949845,0.11713259778321311,neutral
0.010817862093424608,0.3421589238264645,0.5891487087104158,0.01914388557871434,0.016662244879899663,0.010829566236856682,0.011238808674224386,fear
0.0010230136733857258,0.4651036400334296,0.5262788984010279,0.0024771169526877704,0.0017128125062016066,0.0015295367082440172,0.0018749817250233172,fear
0.14318757909151397,0.007885004019677403,0.008917313679687946,0.17955241945717842,0.47414723067736325,0.0716630843406071,0.11464736873397184,neutral
